0.5 1.064245e+04 1.056712e+04 1.056491e+04 1.064024e+04
1.5 1.055124e+04 1.059893e+04 1.059660e+04 1.054891e+04
2.5 1.067714e+04 1.063278e+04 1.063032e+04 1.067468e+04
3.5 1.069538e+04 1.062730e+04 1.062472e+04 1.069280e+04
4.5 1.056090e+04 1.060655e+04 1.060386e+04 1.055821e+04
5.5 1.054426e+04 1.059069e+04 1.058789e+04 1.054146e+04
6.5 1.063721e+04 1.061189e+04 1.060899e+04 1.063431e+04
7.5 1.069829e+04 1.064040e+04 1.063741e+04 1.069529e+04
8.5 1.062337e+04 1.063250e+04 1.062942e+04 1.062029e+04
9.5 1.059449e+04 1.061071e+04 1.060755e+04 1.059133e+04
10.5 1.056938e+04 1.059295e+04 1.058992e+04 1.056635e+04
0.5 1.054426e+04 1.059069e+04 1.058789e+04 1.054146e+04
1.5 1.063721e+04 1.061189e+04 1.060899e+04 1.063431e+04
2.5 1.069829e+04 1.064040e+04 1.063741e+04 1.069529e+04
3.5 1.062337e+04 1.063250e+04 1.062942e+04 1.062029e+04
4.5 1.059449e+04 1.061071e+04 1.060755e+04 1.059133e+04
5.5 1.056938e+04 1.059295e+04 1.058992e+04 1.056635e+04
6.5 1.063966e+04 1.057745e+04 1.057982e+04 1.064203e+04
7.5 1.060899e+04 1.056707e+04 1.057521e+04 1.061714e+04
8.5 1.045733e+04 1.056651e+04 1.057347e+04 1.046429e+04
9.5 1.053839e+04 1.056997e+04 1.057304e+04 1.054146e+04
10.5 1.056833e+04 1.057309e+04 1.057316e+04 1.056839e+04
0.5 1.053553e+04 1.057651e+04 1.057617e+04 1.053519e+04
1.5 1.065268e+04 1.060968e+04 1.060742e+04 1.065042e+04
2.5 1.066099e+04 1.064389e+04 1.064069e+04 1.065779e+04
3.5 1.055007e+04 1.063829e+04 1.063466e+04 1.054644e+04
4.5 1.056474e+04 1.061721e+04 1.061339e+04 1.056092e+04
5.5 1.061111e+04 1.059974e+04 1.059583e+04 1.060721e+04
6.5 1.058224e+04 1.058940e+04 1.058565e+04 1.057849e+04
7.5 1.061990e+04 1.057907e+04 1.058078e+04 1.062161e+04
8.5 1.051918e+04 1.057124e+04 1.057877e+04 1.052672e+04
9.5 1.061585e+04 1.057169e+04 1.057809e+04 1.062224e+04
10.5 1.054378e+04 1.057539e+04 1.057794e+04 1.054633e+04
0.5 1.061411e+04 1.058270e+04 1.058019e+04 1.061160e+04
1.5 1.065170e+04 1.061462e+04 1.061120e+04 1.064829e+04
2.5 1.059915e+04 1.064804e+04 1.064423e+04 1.059534e+04
3.5 1.056948e+04 1.064193e+04 1.063796e+04 1.056551e+04
4.5 1.062813e+04 1.062049e+04 1.061646e+04 1.062410e+04
5.5 1.056960e+04 1.060273e+04 1.059866e+04 1.056553e+04
6.5 1.059718e+04 1.059210e+04 1.058826e+04 1.059334e+04
7.5 1.063449e+04 1.058152e+04 1.058316e+04 1.063613e+04
8.5 1.053550e+04 1.057344e+04 1.058093e+04 1.054299e+04
9.5 1.060867e+04 1.057366e+04 1.058003e+04 1.061504e+04
10.5 1.051285e+04 1.057712e+04 1.057968e+04 1.051540e+04
0.5 1.066938e+04 1.058398e+04 1.058064e+04 1.066605e+04
1.5 1.067881e+04 1.061525e+04 1.061152e+04 1.067509e+04
2.5 1.070582e+04 1.064829e+04 1.064441e+04 1.070194e+04
3.5 1.058669e+04 1.064195e+04 1.063802e+04 1.058276e+04
4.5 1.065171e+04 1.062034e+04 1.061640e+04 1.064776e+04
5.5 1.057491e+04 1.060242e+04 1.059848e+04 1.057097e+04
6.5 1.066025e+04 1.059187e+04 1.058795e+04 1.065633e+04
7.5 1.056373e+04 1.058642e+04 1.058273e+04 1.056004e+04
8.5 1.069993e+04 1.057858e+04 1.058038e+04 1.070173e+04
9.5 1.061272e+04 1.057170e+04 1.057936e+04 1.062038e+04
10.5 1.053030e+04 1.057235e+04 1.057890e+04 1.053686e+04
0.5 1.051183e+04 1.057801e+04 1.057792e+04 1.051174e+04
1.5 1.066725e+04 1.061061e+04 1.060866e+04 1.066529e+04
2.5 1.063349e+04 1.064427e+04 1.064143e+04 1.063065e+04
3.5 1.062446e+04 1.063814e+04 1.063493e+04 1.062125e+04
4.5 1.061907e+04 1.061655e+04 1.061321e+04 1.061572e+04
5.5 1.066838e+04 1.059859e+04 1.059520e+04 1.066500e+04
6.5 1.071241e+04 1.058798e+04 1.058459e+04 1.070901e+04
7.5 1.053443e+04 1.058388e+04 1.058052e+04 1.053106e+04
8.5 1.056978e+04 1.061236e+04 1.060902e+04 1.056644e+04
9.5 1.068118e+04 1.064420e+04 1.064089e+04 1.067787e+04
10.5 1.062935e+04 1.063732e+04 1.063404e+04 1.062607e+04
0.5 1.053443e+04 1.058388e+04 1.058052e+04 1.053106e+04
1.5 1.056978e+04 1.061236e+04 1.060902e+04 1.056644e+04
2.5 1.068118e+04 1.064420e+04 1.064089e+04 1.067787e+04
3.5 1.062935e+04 1.063732e+04 1.063404e+04 1.062607e+04
4.5 1.068270e+04 1.061538e+04 1.061212e+04 1.067944e+04
5.5 1.064627e+04 1.059857e+04 1.059534e+04 1.064305e+04
6.5 1.063678e+04 1.061886e+04 1.061566e+04 1.063358e+04
7.5 1.065767e+04 1.064650e+04 1.064334e+04 1.065450e+04
8.5 1.053429e+04 1.063775e+04 1.063461e+04 1.053115e+04
9.5 1.048496e+04 1.061511e+04 1.061200e+04 1.048185e+04
10.5 1.061775e+04 1.059656e+04 1.059369e+04 1.061488e+04
0.5 1.064627e+04 1.059857e+04 1.059534e+04 1.064305e+04
1.5 1.063678e+04 1.061886e+04 1.061566e+04 1.063358e+04
2.5 1.065767e+04 1.064650e+04 1.064334e+04 1.065450e+04
3.5 1.053429e+04 1.063775e+04 1.063461e+04 1.053115e+04
4.5 1.048496e+04 1.061511e+04 1.061200e+04 1.048185e+04
5.5 1.061775e+04 1.059656e+04 1.059369e+04 1.061488e+04
6.5 1.056824e+04 1.058030e+04 1.058293e+04 1.057088e+04
7.5 1.058432e+04 1.056921e+04 1.057771e+04 1.059282e+04
8.5 1.061166e+04 1.056796e+04 1.057537e+04 1.061906e+04
9.5 1.060556e+04 1.057076e+04 1.057437e+04 1.060917e+04
10.5 1.054795e+04 1.057347e+04 1.057394e+04 1.054842e+04
0.5 1.062614e+04 1.057596e+04 1.057474e+04 1.062492e+04
1.5 1.060616e+04 1.060776e+04 1.060566e+04 1.060405e+04
2.5 1.062551e+04 1.064110e+04 1.063862e+04 1.062303e+04
3.5 1.078747e+04 1.063494e+04 1.063231e+04 1.078483e+04
4.5 1.056517e+04 1.061347e+04 1.061079e+04 1.056250e+04
5.5 1.050920e+04 1.059571e+04 1.059301e+04 1.050650e+04
6.5 1.047149e+04 1.058653e+04 1.058385e+04 1.046881e+04
7.5 1.069560e+04 1.061239e+04 1.060973e+04 1.069293e+04
8.5 1.069968e+04 1.064317e+04 1.064052e+04 1.069703e+04
9.5 1.053697e+04 1.063602e+04 1.063337e+04 1.053433e+04
10.5 1.060030e+04 1.061422e+04 1.061159e+04 1.059767e+04
0.5 1.047149e+04 1.058653e+04 1.058385e+04 1.046881e+04
1.5 1.069560e+04 1.061239e+04 1.060973e+04 1.069293e+04
2.5 1.069968e+04 1.064317e+04 1.064052e+04 1.069703e+04
3.5 1.053697e+04 1.063602e+04 1.063337e+04 1.053433e+04
4.5 1.060030e+04 1.061422e+04 1.061159e+04 1.059767e+04
5.5 1.061305e+04 1.059632e+04 1.059370e+04 1.061043e+04
6.5 1.057979e+04 1.058725e+04 1.058463e+04 1.057718e+04
7.5 1.064443e+04 1.061321e+04 1.061060e+04 1.064182e+04
8.5 1.068156e+04 1.064408e+04 1.064148e+04 1.067896e+04
9.5 1.064321e+04 1.063703e+04 1.063443e+04 1.064060e+04
10.5 1.062145e+04 1.061534e+04 1.061274e+04 1.061885e+04
0.5 1.057979e+04 1.058725e+04 1.058463e+04 1.057718e+04
1.5 1.064443e+04 1.061321e+04 1.061060e+04 1.064182e+04
2.5 1.068156e+04 1.064408e+04 1.064148e+04 1.067896e+04
3.5 1.064321e+04 1.063703e+04 1.063443e+04 1.064060e+04
4.5 1.062145e+04 1.061534e+04 1.061274e+04 1.061885e+04
5.5 1.045667e+04 1.059754e+04 1.059494e+04 1.045407e+04
6.5 1.050029e+04 1.058737e+04 1.058476e+04 1.049768e+04
7.5 1.050753e+04 1.058231e+04 1.057992e+04 1.050513e+04
8.5 1.055812e+04 1.057489e+04 1.057797e+04 1.056120e+04
9.5 1.057330e+04 1.056847e+04 1.057738e+04 1.058221e+04
10.5 1.051047e+04 1.056958e+04 1.057736e+04 1.051825e+04
0.5 1.055641e+04 1.058191e+04 1.057989e+04 1.055439e+04
1.5 1.052589e+04 1.061366e+04 1.061122e+04 1.052345e+04
2.5 1.064037e+04 1.064723e+04 1.064461e+04 1.063775e+04
3.5 1.061570e+04 1.064144e+04 1.063874e+04 1.061300e+04
4.5 1.063694e+04 1.062043e+04 1.061767e+04 1.063417e+04
5.5 1.061556e+04 1.060314e+04 1.060035e+04 1.061277e+04
6.5 1.061894e+04 1.059327e+04 1.059044e+04 1.061612e+04
7.5 1.069148e+04 1.058853e+04 1.058588e+04 1.068883e+04
8.5 1.079373e+04 1.058142e+04 1.058422e+04 1.079653e+04
9.5 1.058416e+04 1.057531e+04 1.058391e+04 1.059276e+04
10.5 1.056389e+04 1.057675e+04 1.058419e+04 1.057133e+04
