0.5 9.761938e+03 9.748599e+03 9.766565e+03 9.779904e+03
1.5 9.755645e+03 9.795327e+03 9.814337e+03 9.774655e+03
2.5 9.817258e+03 9.845172e+03 9.865184e+03 9.837270e+03
3.5 9.867080e+03 9.835783e+03 9.856751e+03 9.888047e+03
4.5 9.832138e+03 9.803422e+03 9.825297e+03 9.854014e+03
5.5 9.795270e+03 9.778482e+03 9.801218e+03 9.818006e+03
6.5 9.843715e+03 9.809477e+03 9.833029e+03 9.867267e+03
7.5 9.879344e+03 9.851560e+03 9.875882e+03 9.903665e+03
8.5 9.834824e+03 9.838786e+03 9.863835e+03 9.859873e+03
9.5 9.781436e+03 9.805113e+03 9.830848e+03 9.807170e+03
10.5 9.745140e+03 9.779641e+03 9.804278e+03 9.769778e+03
0.5 9.795270e+03 9.778482e+03 9.801218e+03 9.818006e+03
1.5 9.843715e+03 9.809477e+03 9.833029e+03 9.867267e+03
2.5 9.879344e+03 9.851560e+03 9.875882e+03 9.903665e+03
3.5 9.834824e+03 9.838786e+03 9.863835e+03 9.859873e+03
4.5 9.781436e+03 9.805113e+03 9.830848e+03 9.807170e+03
5.5 9.745140e+03 9.779641e+03 9.804278e+03 9.769778e+03
6.5 9.808582e+03 9.808359e+03 9.789049e+03 9.789272e+03
7.5 9.848148e+03 9.848317e+03 9.782100e+03 9.781931e+03
8.5 9.854063e+03 9.836002e+03 9.779465e+03 9.797526e+03
9.5 9.800389e+03 9.803781e+03 9.778826e+03 9.775434e+03
10.5 9.769389e+03 9.779510e+03 9.778997e+03 9.768876e+03
0.5 9.801364e+03 9.780788e+03 9.783539e+03 9.804115e+03
1.5 9.789284e+03 9.812289e+03 9.830665e+03 9.807660e+03
2.5 9.829010e+03 9.854798e+03 9.880823e+03 9.855035e+03
3.5 9.820653e+03 9.842218e+03 9.871728e+03 9.850163e+03
4.5 9.778720e+03 9.808616e+03 9.839661e+03 9.809765e+03
5.5 9.738174e+03 9.781435e+03 9.813185e+03 9.769924e+03
6.5 9.756973e+03 9.767371e+03 9.797840e+03 9.787441e+03
7.5 9.796110e+03 9.804423e+03 9.790497e+03 9.782184e+03
8.5 9.869308e+03 9.848724e+03 9.787466e+03 9.808050e+03
9.5 9.843663e+03 9.838413e+03 9.786429e+03 9.791679e+03
10.5 9.754769e+03 9.807004e+03 9.786216e+03 9.733981e+03
0.5 9.798362e+03 9.769222e+03 9.789607e+03 9.818747e+03
1.5 9.825546e+03 9.808589e+03 9.836361e+03 9.853318e+03
2.5 9.865270e+03 9.855148e+03 9.886155e+03 9.896278e+03
3.5 9.874587e+03 9.844396e+03 9.876705e+03 9.906896e+03
4.5 9.797274e+03 9.811493e+03 9.844286e+03 9.830067e+03
5.5 9.774298e+03 9.784415e+03 9.817457e+03 9.807340e+03
6.5 9.754601e+03 9.770509e+03 9.801764e+03 9.785856e+03
7.5 9.766924e+03 9.807433e+03 9.794082e+03 9.753573e+03
8.5 9.830150e+03 9.851605e+03 9.790719e+03 9.769264e+03
9.5 9.787890e+03 9.841162e+03 9.789357e+03 9.736085e+03
10.5 9.726976e+03 9.809620e+03 9.788827e+03 9.706183e+03
0.5 9.736079e+03 9.763139e+03 9.790285e+03 9.763225e+03
1.5 9.773459e+03 9.806537e+03 9.836841e+03 9.803763e+03
2.5 9.827930e+03 9.854912e+03 9.886439e+03 9.859458e+03
3.5 9.841892e+03 9.844861e+03 9.876796e+03 9.873827e+03
4.5 9.790203e+03 9.812084e+03 9.844192e+03 9.822311e+03
5.5 9.774675e+03 9.785192e+03 9.817181e+03 9.806664e+03
6.5 9.754225e+03 9.769438e+03 9.801302e+03 9.786089e+03
7.5 9.753636e+03 9.763443e+03 9.793435e+03 9.783629e+03
8.5 9.791921e+03 9.804591e+03 9.789893e+03 9.777224e+03
9.5 9.914236e+03 9.850671e+03 9.788358e+03 9.851923e+03
10.5 9.855698e+03 9.840973e+03 9.787660e+03 9.802384e+03
0.5 9.882225e+03 9.785436e+03 9.786175e+03 9.882964e+03
1.5 9.862780e+03 9.816648e+03 9.832529e+03 9.878662e+03
2.5 9.897505e+03 9.858881e+03 9.881946e+03 9.920570e+03
3.5 9.885068e+03 9.846038e+03 9.872140e+03 9.911170e+03
4.5 9.851309e+03 9.812172e+03 9.839384e+03 9.878521e+03
5.5 9.839334e+03 9.784726e+03 9.812236e+03 9.866844e+03
6.5 9.830027e+03 9.768661e+03 9.796239e+03 9.857606e+03
7.5 9.785944e+03 9.762736e+03 9.790095e+03 9.813302e+03
8.5 9.808240e+03 9.805939e+03 9.833076e+03 9.835377e+03
9.5 9.842671e+03 9.854213e+03 9.881126e+03 9.869585e+03
10.5 9.830708e+03 9.844105e+03 9.870794e+03 9.857397e+03
0.5 9.785944e+03 9.762736e+03 9.790095e+03 9.813302e+03
1.5 9.808240e+03 9.805939e+03 9.833076e+03 9.835377e+03
2.5 9.842671e+03 9.854213e+03 9.881126e+03 9.869585e+03
3.5 9.830708e+03 9.844105e+03 9.870794e+03 9.857397e+03
4.5 9.819921e+03 9.811289e+03 9.837752e+03 9.846384e+03
5.5 9.771769e+03 9.786218e+03 9.812449e+03 9.797999e+03
6.5 9.777592e+03 9.817096e+03 9.843088e+03 9.803583e+03
7.5 9.811163e+03 9.859058e+03 9.884814e+03 9.836919e+03
8.5 9.796179e+03 9.846127e+03 9.871654e+03 9.821706e+03
9.5 9.767161e+03 9.812266e+03 9.837568e+03 9.792463e+03
10.5 9.745470e+03 9.786618e+03 9.809953e+03 9.768805e+03
0.5 9.771769e+03 9.786218e+03 9.812449e+03 9.797999e+03
1.5 9.777592e+03 9.817096e+03 9.843088e+03 9.803583e+03
2.5 9.811163e+03 9.859058e+03 9.884814e+03 9.836919e+03
3.5 9.796179e+03 9.846127e+03 9.871654e+03 9.821706e+03
4.5 9.767161e+03 9.812266e+03 9.837568e+03 9.792463e+03
5.5 9.745470e+03 9.786618e+03 9.809953e+03 9.768805e+03
6.5 9.795627e+03 9.815188e+03 9.793740e+03 9.774179e+03
7.5 9.856932e+03 9.855007e+03 9.785861e+03 9.787785e+03
8.5 9.826526e+03 9.842542e+03 9.782327e+03 9.766311e+03
9.5 9.810314e+03 9.810158e+03 9.780821e+03 9.780976e+03
10.5 9.819928e+03 9.784001e+03 9.780180e+03 9.816107e+03
0.5 9.758765e+03 9.771458e+03 9.781379e+03 9.768686e+03
1.5 9.764823e+03 9.810862e+03 9.828000e+03 9.781961e+03
2.5 9.837282e+03 9.857471e+03 9.877697e+03 9.857508e+03
3.5 9.891141e+03 9.846784e+03 9.868184e+03 9.912541e+03
4.5 9.866120e+03 9.813969e+03 9.835742e+03 9.887893e+03
5.5 9.844095e+03 9.787010e+03 9.808934e+03 9.866019e+03
6.5 9.828584e+03 9.773324e+03 9.795121e+03 9.850381e+03
7.5 9.860999e+03 9.812455e+03 9.834136e+03 9.882680e+03
8.5 9.919353e+03 9.858984e+03 9.880562e+03 9.940931e+03
9.5 9.885550e+03 9.848307e+03 9.869793e+03 9.907036e+03
10.5 9.807595e+03 9.815540e+03 9.836945e+03 9.829001e+03
0.5 9.828584e+03 9.773324e+03 9.795121e+03 9.850381e+03
1.5 9.860999e+03 9.812455e+03 9.834136e+03 9.882680e+03
2.5 9.919353e+03 9.858984e+03 9.880562e+03 9.940931e+03
3.5 9.885550e+03 9.848307e+03 9.869793e+03 9.907036e+03
4.5 9.807595e+03 9.815540e+03 9.836945e+03 9.829001e+03
5.5 9.797302e+03 9.788637e+03 9.809972e+03 9.818637e+03
6.5 9.796423e+03 9.775020e+03 9.796295e+03 9.817698e+03
7.5 9.815012e+03 9.814219e+03 9.835446e+03 9.836239e+03
8.5 9.873973e+03 9.860818e+03 9.882008e+03 9.895163e+03
9.5 9.872102e+03 9.850214e+03 9.871379e+03 9.893266e+03
10.5 9.829222e+03 9.817521e+03 9.838673e+03 9.850374e+03
0.5 9.796423e+03 9.775020e+03 9.796295e+03 9.817698e+03
1.5 9.815012e+03 9.814219e+03 9.835446e+03 9.836239e+03
2.5 9.873973e+03 9.860818e+03 9.882008e+03 9.895163e+03
3.5 9.872102e+03 9.850214e+03 9.871379e+03 9.893266e+03
4.5 9.829222e+03 9.817521e+03 9.838673e+03 9.850374e+03
5.5 9.794364e+03 9.790691e+03 9.811845e+03 9.815518e+03
6.5 9.789972e+03 9.775320e+03 9.796494e+03 9.811146e+03
7.5 9.792261e+03 9.769727e+03 9.789195e+03 9.811729e+03
8.5 9.755503e+03 9.811293e+03 9.786256e+03 9.730467e+03
9.5 9.815390e+03 9.857810e+03 9.785358e+03 9.742939e+03
10.5 9.790656e+03 9.848566e+03 9.785335e+03 9.727425e+03
0.5 9.767918e+03 9.772696e+03 9.789143e+03 9.784365e+03
1.5 9.801538e+03 9.816554e+03 9.836390e+03 9.821373e+03
2.5 9.869512e+03 9.865417e+03 9.886731e+03 9.890826e+03
3.5 9.857913e+03 9.855880e+03 9.877879e+03 9.879912e+03
4.5 9.802360e+03 9.823642e+03 9.846113e+03 9.824831e+03
5.5 9.770501e+03 9.797299e+03 9.819994e+03 9.793197e+03
6.5 9.793446e+03 9.782100e+03 9.805061e+03 9.816408e+03
7.5 9.806468e+03 9.776685e+03 9.798186e+03 9.827968e+03
8.5 9.850110e+03 9.818449e+03 9.795677e+03 9.827338e+03
9.5 9.891381e+03 9.865182e+03 9.795215e+03 9.821414e+03
10.5 9.875915e+03 9.856169e+03 9.795633e+03 9.815379e+03
