0.5 1.056938e+04 1.059295e+04 1.059812e+04 1.057454e+04
1.5 1.063966e+04 1.057745e+04 1.059271e+04 1.065492e+04
2.5 1.060899e+04 1.056707e+04 1.058694e+04 1.062886e+04
3.5 1.045733e+04 1.056651e+04 1.058813e+04 1.047895e+04
4.5 1.053839e+04 1.056997e+04 1.059202e+04 1.056044e+04
5.5 1.056833e+04 1.057309e+04 1.059502e+04 1.059026e+04
6.5 1.058209e+04 1.056976e+04 1.059145e+04 1.060377e+04
7.5 1.049936e+04 1.056530e+04 1.058657e+04 1.052063e+04
8.5 1.059975e+04 1.056727e+04 1.058814e+04 1.062061e+04
9.5 1.050130e+04 1.057167e+04 1.059216e+04 1.052179e+04
10.5 1.053553e+04 1.057651e+04 1.059543e+04 1.055444e+04
0.5 1.056833e+04 1.057309e+04 1.059502e+04 1.059026e+04
1.5 1.058209e+04 1.056976e+04 1.059145e+04 1.060377e+04
2.5 1.049936e+04 1.056530e+04 1.058657e+04 1.052063e+04
3.5 1.059975e+04 1.056727e+04 1.058814e+04 1.062061e+04
4.5 1.050130e+04 1.057167e+04 1.059216e+04 1.052179e+04
5.5 1.053553e+04 1.057651e+04 1.059543e+04 1.055444e+04
6.5 1.065268e+04 1.060968e+04 1.059735e+04 1.064034e+04
7.5 1.066099e+04 1.064389e+04 1.059829e+04 1.061538e+04
8.5 1.055007e+04 1.063829e+04 1.059872e+04 1.051050e+04
9.5 1.056474e+04 1.061721e+04 1.059890e+04 1.054644e+04
10.5 1.061111e+04 1.059974e+04 1.059899e+04 1.061037e+04
0.5 1.058224e+04 1.058940e+04 1.059883e+04 1.059167e+04
1.5 1.061990e+04 1.057907e+04 1.059337e+04 1.063420e+04
2.5 1.051918e+04 1.057124e+04 1.058755e+04 1.053550e+04
3.5 1.061585e+04 1.057169e+04 1.058869e+04 1.063285e+04
4.5 1.054378e+04 1.057539e+04 1.059253e+04 1.056092e+04
5.5 1.060273e+04 1.057857e+04 1.059571e+04 1.061987e+04
6.5 1.059645e+04 1.058040e+04 1.059735e+04 1.061340e+04
7.5 1.067741e+04 1.057601e+04 1.059279e+04 1.069419e+04
8.5 1.065173e+04 1.057074e+04 1.058736e+04 1.066835e+04
9.5 1.054631e+04 1.057218e+04 1.058865e+04 1.056278e+04
10.5 1.060036e+04 1.057621e+04 1.059254e+04 1.061669e+04
0.5 1.059645e+04 1.058040e+04 1.059735e+04 1.061340e+04
1.5 1.067741e+04 1.057601e+04 1.059279e+04 1.069419e+04
2.5 1.065173e+04 1.057074e+04 1.058736e+04 1.066835e+04
3.5 1.054631e+04 1.057218e+04 1.058865e+04 1.056278e+04
4.5 1.060036e+04 1.057621e+04 1.059254e+04 1.061669e+04
5.5 1.057346e+04 1.057953e+04 1.059574e+04 1.058967e+04
6.5 1.061411e+04 1.058270e+04 1.059759e+04 1.062900e+04
7.5 1.065170e+04 1.061462e+04 1.059850e+04 1.063559e+04
8.5 1.059915e+04 1.064804e+04 1.059890e+04 1.055001e+04
9.5 1.056948e+04 1.064193e+04 1.059906e+04 1.052661e+04
10.5 1.062813e+04 1.062049e+04 1.059912e+04 1.060676e+04
0.5 1.059718e+04 1.059210e+04 1.059893e+04 1.060401e+04
1.5 1.063449e+04 1.058152e+04 1.059344e+04 1.064642e+04
2.5 1.053550e+04 1.057344e+04 1.058760e+04 1.054966e+04
3.5 1.060867e+04 1.057366e+04 1.058872e+04 1.062373e+04
4.5 1.051285e+04 1.057712e+04 1.059253e+04 1.052826e+04
5.5 1.047975e+04 1.058007e+04 1.059568e+04 1.049536e+04
6.5 1.058748e+04 1.058190e+04 1.059753e+04 1.060311e+04
7.5 1.066938e+04 1.058398e+04 1.059843e+04 1.068383e+04
8.5 1.067881e+04 1.061525e+04 1.059881e+04 1.066238e+04
9.5 1.070582e+04 1.064829e+04 1.059896e+04 1.065649e+04
10.5 1.058669e+04 1.064195e+04 1.059901e+04 1.054376e+04
0.5 1.056373e+04 1.058642e+04 1.059878e+04 1.057608e+04
1.5 1.069993e+04 1.057858e+04 1.059328e+04 1.071463e+04
2.5 1.061272e+04 1.057170e+04 1.058742e+04 1.062844e+04
3.5 1.053030e+04 1.057235e+04 1.058853e+04 1.054649e+04
4.5 1.042726e+04 1.057584e+04 1.059233e+04 1.044376e+04
5.5 1.056344e+04 1.057887e+04 1.059548e+04 1.058005e+04
6.5 1.051410e+04 1.058058e+04 1.059731e+04 1.053084e+04
7.5 1.057362e+04 1.058112e+04 1.059799e+04 1.059048e+04
8.5 1.055433e+04 1.057589e+04 1.059289e+04 1.057133e+04
9.5 1.057255e+04 1.057005e+04 1.058719e+04 1.058968e+04
10.5 1.043451e+04 1.057108e+04 1.058836e+04 1.045179e+04
0.5 1.057362e+04 1.058112e+04 1.059799e+04 1.059048e+04
1.5 1.055433e+04 1.057589e+04 1.059289e+04 1.057133e+04
2.5 1.057255e+04 1.057005e+04 1.058719e+04 1.058968e+04
3.5 1.043451e+04 1.057108e+04 1.058836e+04 1.045179e+04
4.5 1.063746e+04 1.057477e+04 1.059219e+04 1.065489e+04
5.5 1.066892e+04 1.057755e+04 1.059512e+04 1.068649e+04
6.5 1.062346e+04 1.057374e+04 1.059147e+04 1.064119e+04
7.5 1.068725e+04 1.056863e+04 1.058652e+04 1.070514e+04
8.5 1.060607e+04 1.056997e+04 1.058802e+04 1.062412e+04
9.5 1.050141e+04 1.057376e+04 1.059198e+04 1.051962e+04
10.5 1.051183e+04 1.057801e+04 1.059518e+04 1.052900e+04
0.5 1.066892e+04 1.057755e+04 1.059512e+04 1.068649e+04
1.5 1.062346e+04 1.057374e+04 1.059147e+04 1.064119e+04
2.5 1.068725e+04 1.056863e+04 1.058652e+04 1.070514e+04
3.5 1.060607e+04 1.056997e+04 1.058802e+04 1.062412e+04
4.5 1.050141e+04 1.057376e+04 1.059198e+04 1.051962e+04
5.5 1.051183e+04 1.057801e+04 1.059518e+04 1.052900e+04
6.5 1.066725e+04 1.061061e+04 1.059704e+04 1.065367e+04
7.5 1.063349e+04 1.064427e+04 1.059792e+04 1.058714e+04
8.5 1.062446e+04 1.063814e+04 1.059830e+04 1.058462e+04
9.5 1.061907e+04 1.061655e+04 1.059843e+04 1.060095e+04
10.5 1.066838e+04 1.059859e+04 1.059847e+04 1.066827e+04
0.5 1.061775e+04 1.059656e+04 1.059796e+04 1.061914e+04
1.5 1.056824e+04 1.058030e+04 1.059245e+04 1.058039e+04
2.5 1.058432e+04 1.056921e+04 1.058658e+04 1.060169e+04
3.5 1.061166e+04 1.056796e+04 1.058768e+04 1.063138e+04
4.5 1.060556e+04 1.057076e+04 1.059148e+04 1.062628e+04
5.5 1.054795e+04 1.057347e+04 1.059462e+04 1.056909e+04
6.5 1.055281e+04 1.057483e+04 1.059623e+04 1.057421e+04
7.5 1.066269e+04 1.057019e+04 1.059164e+04 1.068414e+04
8.5 1.042738e+04 1.056468e+04 1.058617e+04 1.044887e+04
9.5 1.054806e+04 1.056592e+04 1.058744e+04 1.056958e+04
10.5 1.060375e+04 1.056976e+04 1.059130e+04 1.062530e+04
0.5 1.055281e+04 1.057483e+04 1.059623e+04 1.057421e+04
1.5 1.066269e+04 1.057019e+04 1.059164e+04 1.068414e+04
2.5 1.042738e+04 1.056468e+04 1.058617e+04 1.044887e+04
3.5 1.054806e+04 1.056592e+04 1.058744e+04 1.056958e+04
4.5 1.060375e+04 1.056976e+04 1.059130e+04 1.062530e+04
5.5 1.059177e+04 1.057292e+04 1.059448e+04 1.061333e+04
6.5 1.062614e+04 1.057596e+04 1.059631e+04 1.064649e+04
7.5 1.060616e+04 1.060776e+04 1.059719e+04 1.059559e+04
8.5 1.062551e+04 1.064110e+04 1.059757e+04 1.058198e+04
9.5 1.078747e+04 1.063494e+04 1.059772e+04 1.075025e+04
10.5 1.056517e+04 1.061347e+04 1.059776e+04 1.054947e+04
0.5 1.050753e+04 1.058231e+04 1.059748e+04 1.052269e+04
1.5 1.055812e+04 1.057489e+04 1.059201e+04 1.057524e+04
2.5 1.057330e+04 1.056847e+04 1.058618e+04 1.059102e+04
3.5 1.051047e+04 1.056958e+04 1.058731e+04 1.052820e+04
4.5 1.056642e+04 1.057358e+04 1.059114e+04 1.058399e+04
5.5 1.060416e+04 1.057713e+04 1.059432e+04 1.062136e+04
6.5 1.059816e+04 1.057937e+04 1.059619e+04 1.061497e+04
7.5 1.055641e+04 1.058191e+04 1.059711e+04 1.057161e+04
8.5 1.052589e+04 1.061366e+04 1.059753e+04 1.050975e+04
9.5 1.064037e+04 1.064723e+04 1.059771e+04 1.059085e+04
10.5 1.061570e+04 1.064144e+04 1.059779e+04 1.057205e+04
0.5 1.069148e+04 1.058853e+04 1.059773e+04 1.070068e+04
1.5 1.079373e+04 1.058142e+04 1.059229e+04 1.080460e+04
2.5 1.058416e+04 1.057531e+04 1.058648e+04 1.059533e+04
3.5 1.056389e+04 1.057675e+04 1.058764e+04 1.057478e+04
4.5 1.061259e+04 1.058106e+04 1.059150e+04 1.062303e+04
5.5 1.051873e+04 1.058495e+04 1.059471e+04 1.052849e+04
6.5 1.061001e+04 1.058755e+04 1.059661e+04 1.061907e+04
7.5 1.054587e+04 1.058924e+04 1.059757e+04 1.055420e+04
