0.5 1.028520e+04 1.030168e+04 1.030584e+04 1.028936e+04
1.5 1.035152e+04 1.028876e+04 1.030106e+04 1.036382e+04
2.5 1.033931e+04 1.027994e+04 1.029596e+04 1.035534e+04
3.5 1.022556e+04 1.027958e+04 1.029701e+04 1.024299e+04
4.5 1.029401e+04 1.028267e+04 1.030045e+04 1.031179e+04
5.5 1.026922e+04 1.028542e+04 1.030311e+04 1.028691e+04
6.5 1.028182e+04 1.028246e+04 1.029995e+04 1.029931e+04
7.5 1.024859e+04 1.027848e+04 1.029563e+04 1.026574e+04
8.5 1.028224e+04 1.028019e+04 1.029702e+04 1.029907e+04
9.5 1.025245e+04 1.028406e+04 1.030058e+04 1.026897e+04
10.5 1.029691e+04 1.028821e+04 1.030346e+04 1.031216e+04
0.5 1.026922e+04 1.028542e+04 1.030311e+04 1.028691e+04
1.5 1.028182e+04 1.028246e+04 1.029995e+04 1.029931e+04
2.5 1.024859e+04 1.027848e+04 1.029563e+04 1.026574e+04
3.5 1.028224e+04 1.028019e+04 1.029702e+04 1.029907e+04
4.5 1.025245e+04 1.028406e+04 1.030058e+04 1.026897e+04
5.5 1.029691e+04 1.028821e+04 1.030346e+04 1.031216e+04
6.5 1.030789e+04 1.031511e+04 1.030516e+04 1.029794e+04
7.5 1.032949e+04 1.034277e+04 1.030599e+04 1.029272e+04
8.5 1.024521e+04 1.033828e+04 1.030637e+04 1.021330e+04
9.5 1.027919e+04 1.032130e+04 1.030654e+04 1.026443e+04
10.5 1.029868e+04 1.030722e+04 1.030662e+04 1.029808e+04
0.5 1.031504e+04 1.029887e+04 1.030648e+04 1.032265e+04
1.5 1.033129e+04 1.029012e+04 1.030165e+04 1.034282e+04
2.5 1.025856e+04 1.028335e+04 1.029650e+04 1.027171e+04
3.5 1.028010e+04 1.028380e+04 1.029751e+04 1.029381e+04
4.5 1.028726e+04 1.028708e+04 1.030090e+04 1.030108e+04
5.5 1.033281e+04 1.028989e+04 1.030371e+04 1.034663e+04
6.5 1.031083e+04 1.029150e+04 1.030517e+04 1.032450e+04
7.5 1.038035e+04 1.028760e+04 1.030113e+04 1.039388e+04
8.5 1.027477e+04 1.028293e+04 1.029633e+04 1.028817e+04
9.5 1.028942e+04 1.028419e+04 1.029747e+04 1.030270e+04
10.5 1.026069e+04 1.028774e+04 1.030091e+04 1.027386e+04
0.5 1.031083e+04 1.029150e+04 1.030517e+04 1.032450e+04
1.5 1.038035e+04 1.028760e+04 1.030113e+04 1.039388e+04
2.5 1.027477e+04 1.028293e+04 1.029633e+04 1.028817e+04
3.5 1.028942e+04 1.028419e+04 1.029747e+04 1.030270e+04
4.5 1.026069e+04 1.028774e+04 1.030091e+04 1.027386e+04
5.5 1.029567e+04 1.029067e+04 1.030374e+04 1.030875e+04
6.5 1.031049e+04 1.029337e+04 1.030538e+04 1.032250e+04
7.5 1.034356e+04 1.031918e+04 1.030618e+04 1.033057e+04
8.5 1.031640e+04 1.034616e+04 1.030654e+04 1.027677e+04
9.5 1.031078e+04 1.034125e+04 1.030668e+04 1.027621e+04
10.5 1.035418e+04 1.032396e+04 1.030673e+04 1.033695e+04
0.5 1.027279e+04 1.030106e+04 1.030656e+04 1.027830e+04
1.5 1.032821e+04 1.029210e+04 1.030171e+04 1.033783e+04
2.5 1.026293e+04 1.028513e+04 1.029654e+04 1.027435e+04
3.5 1.028401e+04 1.028539e+04 1.029753e+04 1.029616e+04
4.5 1.027340e+04 1.028848e+04 1.030090e+04 1.028582e+04
5.5 1.024997e+04 1.029110e+04 1.030369e+04 1.026256e+04
6.5 1.029560e+04 1.029272e+04 1.030532e+04 1.030820e+04
7.5 1.031820e+04 1.029447e+04 1.030612e+04 1.032985e+04
8.5 1.034967e+04 1.031971e+04 1.030646e+04 1.033641e+04
9.5 1.038802e+04 1.034637e+04 1.030659e+04 1.034824e+04
10.5 1.034492e+04 1.034126e+04 1.030664e+04 1.031030e+04
0.5 1.029913e+04 1.029646e+04 1.030643e+04 1.030910e+04
1.5 1.043660e+04 1.028971e+04 1.030157e+04 1.044846e+04
2.5 1.031186e+04 1.028371e+04 1.029639e+04 1.032453e+04
3.5 1.020822e+04 1.028431e+04 1.029736e+04 1.022127e+04
4.5 1.017996e+04 1.028743e+04 1.030073e+04 1.019326e+04
5.5 1.027331e+04 1.029011e+04 1.030351e+04 1.028671e+04
6.5 1.026725e+04 1.029164e+04 1.030513e+04 1.028075e+04
7.5 1.024541e+04 1.029213e+04 1.030573e+04 1.025901e+04
8.5 1.027967e+04 1.028751e+04 1.030122e+04 1.029337e+04
9.5 1.029558e+04 1.028236e+04 1.029618e+04 1.030940e+04
10.5 1.021175e+04 1.028328e+04 1.029721e+04 1.022569e+04
0.5 1.024541e+04 1.029213e+04 1.030573e+04 1.025901e+04
1.5 1.027967e+04 1.028751e+04 1.030122e+04 1.029337e+04
2.5 1.029558e+04 1.028236e+04 1.029618e+04 1.030940e+04
3.5 1.021175e+04 1.028328e+04 1.029721e+04 1.022569e+04
4.5 1.027724e+04 1.028655e+04 1.030061e+04 1.029129e+04
5.5 1.035223e+04 1.028902e+04 1.030319e+04 1.036640e+04
6.5 1.034236e+04 1.028567e+04 1.029996e+04 1.035666e+04
7.5 1.035193e+04 1.028116e+04 1.029558e+04 1.036635e+04
8.5 1.028557e+04 1.028235e+04 1.029691e+04 1.030013e+04
9.5 1.025282e+04 1.028573e+04 1.030041e+04 1.026750e+04
10.5 1.027160e+04 1.028940e+04 1.030324e+04 1.028545e+04
0.5 1.035223e+04 1.028902e+04 1.030319e+04 1.036640e+04
1.5 1.034236e+04 1.028567e+04 1.029996e+04 1.035666e+04
2.5 1.035193e+04 1.028116e+04 1.029558e+04 1.036635e+04
3.5 1.028557e+04 1.028235e+04 1.029691e+04 1.030013e+04
4.5 1.025282e+04 1.028573e+04 1.030041e+04 1.026750e+04
5.5 1.027160e+04 1.028940e+04 1.030324e+04 1.028545e+04
6.5 1.034846e+04 1.031584e+04 1.030489e+04 1.033751e+04
7.5 1.037671e+04 1.034305e+04 1.030567e+04 1.033933e+04
8.5 1.036256e+04 1.033813e+04 1.030600e+04 1.033043e+04
9.5 1.029708e+04 1.032073e+04 1.030612e+04 1.028247e+04
10.5 1.033877e+04 1.030625e+04 1.030616e+04 1.033867e+04
0.5 1.031842e+04 1.030457e+04 1.030570e+04 1.031955e+04
1.5 1.030099e+04 1.029103e+04 1.030083e+04 1.031079e+04
2.5 1.027603e+04 1.028163e+04 1.029564e+04 1.029004e+04
3.5 1.027172e+04 1.028071e+04 1.029661e+04 1.028763e+04
4.5 1.031594e+04 1.028326e+04 1.029997e+04 1.033265e+04
5.5 1.027179e+04 1.028570e+04 1.030275e+04 1.028884e+04
6.5 1.022768e+04 1.028692e+04 1.030417e+04 1.024494e+04
7.5 1.031962e+04 1.028282e+04 1.030011e+04 1.033692e+04
8.5 1.019180e+04 1.027795e+04 1.029528e+04 1.020913e+04
9.5 1.026479e+04 1.027904e+04 1.029640e+04 1.028215e+04
10.5 1.026728e+04 1.028244e+04 1.029982e+04 1.028465e+04
0.5 1.022768e+04 1.028692e+04 1.030417e+04 1.024494e+04
1.5 1.031962e+04 1.028282e+04 1.030011e+04 1.033692e+04
2.5 1.019180e+04 1.027795e+04 1.029528e+04 1.020913e+04
3.5 1.026479e+04 1.027904e+04 1.029640e+04 1.028215e+04
4.5 1.026728e+04 1.028244e+04 1.029982e+04 1.028465e+04
5.5 1.031629e+04 1.028524e+04 1.030262e+04 1.033368e+04
6.5 1.029622e+04 1.028783e+04 1.030424e+04 1.031263e+04
7.5 1.032613e+04 1.031355e+04 1.030503e+04 1.031760e+04
8.5 1.031915e+04 1.034046e+04 1.030536e+04 1.028405e+04
9.5 1.039987e+04 1.033550e+04 1.030549e+04 1.036986e+04
10.5 1.031824e+04 1.031820e+04 1.030553e+04 1.030557e+04
0.5 1.025159e+04 1.029305e+04 1.030528e+04 1.026382e+04
1.5 1.028610e+04 1.028664e+04 1.030044e+04 1.029990e+04
2.5 1.029265e+04 1.028100e+04 1.029528e+04 1.030693e+04
3.5 1.023049e+04 1.028199e+04 1.029629e+04 1.024478e+04
4.5 1.023494e+04 1.028551e+04 1.029968e+04 1.024911e+04
5.5 1.030753e+04 1.028862e+04 1.030248e+04 1.032139e+04
6.5 1.029147e+04 1.029058e+04 1.030414e+04 1.030503e+04
7.5 1.028205e+04 1.029270e+04 1.030495e+04 1.029431e+04
8.5 1.027065e+04 1.031833e+04 1.030532e+04 1.025764e+04
9.5 1.035616e+04 1.034541e+04 1.030548e+04 1.031622e+04
10.5 1.036052e+04 1.034075e+04 1.030556e+04 1.032532e+04
0.5 1.034503e+04 1.029808e+04 1.030550e+04 1.035245e+04
1.5 1.040101e+04 1.029192e+04 1.030069e+04 1.040978e+04
2.5 1.033749e+04 1.028654e+04 1.029555e+04 1.034650e+04
3.5 1.031223e+04 1.028779e+04 1.029658e+04 1.032101e+04
4.5 1.033916e+04 1.029157e+04 1.029999e+04 1.034758e+04
5.5 1.026512e+04 1.029496e+04 1.030283e+04 1.027299e+04
6.5 1.031084e+04 1.029721e+04 1.030451e+04 1.031814e+04
7.5 1.027625e+04 1.029864e+04 1.030536e+04 1.028297e+04
