0.5 1.030904e+04 1.028079e+04 1.027883e+04 1.030709e+04
1.5 1.028725e+04 1.030645e+04 1.030438e+04 1.028519e+04
2.5 1.036262e+04 1.033375e+04 1.033157e+04 1.036044e+04
3.5 1.034633e+04 1.032934e+04 1.032706e+04 1.034405e+04
4.5 1.028029e+04 1.031262e+04 1.031024e+04 1.027792e+04
5.5 1.025248e+04 1.029984e+04 1.029736e+04 1.025001e+04
6.5 1.035143e+04 1.031694e+04 1.031438e+04 1.034887e+04
7.5 1.037145e+04 1.033994e+04 1.033729e+04 1.036881e+04
8.5 1.036289e+04 1.033358e+04 1.033085e+04 1.036016e+04
9.5 1.028717e+04 1.031601e+04 1.031321e+04 1.028437e+04
10.5 1.028520e+04 1.030168e+04 1.029900e+04 1.028252e+04
0.5 1.025248e+04 1.029984e+04 1.029736e+04 1.025001e+04
1.5 1.035143e+04 1.031694e+04 1.031438e+04 1.034887e+04
2.5 1.037145e+04 1.033994e+04 1.033729e+04 1.036881e+04
3.5 1.036289e+04 1.033358e+04 1.033085e+04 1.036016e+04
4.5 1.028717e+04 1.031601e+04 1.031321e+04 1.028437e+04
5.5 1.028520e+04 1.030168e+04 1.029900e+04 1.028252e+04
6.5 1.035152e+04 1.028876e+04 1.029086e+04 1.035362e+04
7.5 1.033931e+04 1.027994e+04 1.028714e+04 1.034651e+04
8.5 1.022556e+04 1.027958e+04 1.028573e+04 1.023171e+04
9.5 1.029401e+04 1.028267e+04 1.028539e+04 1.029673e+04
10.5 1.026922e+04 1.028542e+04 1.028548e+04 1.026928e+04
0.5 1.029691e+04 1.028821e+04 1.028791e+04 1.029661e+04
1.5 1.030789e+04 1.031511e+04 1.031311e+04 1.030589e+04
2.5 1.032949e+04 1.034277e+04 1.033994e+04 1.032666e+04
3.5 1.024521e+04 1.033828e+04 1.033507e+04 1.024200e+04
4.5 1.027919e+04 1.032130e+04 1.031792e+04 1.027581e+04
5.5 1.029868e+04 1.030722e+04 1.030376e+04 1.029523e+04
6.5 1.031504e+04 1.029887e+04 1.029556e+04 1.031172e+04
7.5 1.033129e+04 1.029012e+04 1.029163e+04 1.033281e+04
8.5 1.025856e+04 1.028335e+04 1.029001e+04 1.026522e+04
9.5 1.028010e+04 1.028380e+04 1.028945e+04 1.028575e+04
10.5 1.028726e+04 1.028708e+04 1.028934e+04 1.028952e+04
0.5 1.031049e+04 1.029337e+04 1.029115e+04 1.030827e+04
1.5 1.034356e+04 1.031918e+04 1.031616e+04 1.034054e+04
2.5 1.031640e+04 1.034616e+04 1.034279e+04 1.031302e+04
3.5 1.031078e+04 1.034125e+04 1.033773e+04 1.030726e+04
4.5 1.035418e+04 1.032396e+04 1.032040e+04 1.035061e+04
5.5 1.030389e+04 1.030964e+04 1.030605e+04 1.030030e+04
6.5 1.027279e+04 1.030106e+04 1.029766e+04 1.026939e+04
7.5 1.032821e+04 1.029210e+04 1.029355e+04 1.032967e+04
8.5 1.026293e+04 1.028513e+04 1.029175e+04 1.026956e+04
9.5 1.028401e+04 1.028539e+04 1.029102e+04 1.028965e+04
10.5 1.027340e+04 1.028848e+04 1.029074e+04 1.027566e+04
0.5 1.031820e+04 1.029447e+04 1.029152e+04 1.031525e+04
1.5 1.034967e+04 1.031971e+04 1.031642e+04 1.034637e+04
2.5 1.038802e+04 1.034637e+04 1.034294e+04 1.038459e+04
3.5 1.034492e+04 1.034126e+04 1.033778e+04 1.034145e+04
4.5 1.032292e+04 1.032384e+04 1.032035e+04 1.031943e+04
5.5 1.034708e+04 1.030938e+04 1.030590e+04 1.034360e+04
6.5 1.035852e+04 1.030087e+04 1.029741e+04 1.035506e+04
7.5 1.029913e+04 1.029646e+04 1.029320e+04 1.029587e+04
8.5 1.043660e+04 1.028971e+04 1.029131e+04 1.043820e+04
9.5 1.031186e+04 1.028371e+04 1.029049e+04 1.031863e+04
10.5 1.020822e+04 1.028431e+04 1.029011e+04 1.021402e+04
0.5 1.027160e+04 1.028940e+04 1.028932e+04 1.027152e+04
1.5 1.034846e+04 1.031584e+04 1.031411e+04 1.034673e+04
2.5 1.037671e+04 1.034305e+04 1.034054e+04 1.037420e+04
3.5 1.036256e+04 1.033813e+04 1.033529e+04 1.035972e+04
4.5 1.029708e+04 1.032073e+04 1.031777e+04 1.029412e+04
5.5 1.033877e+04 1.030625e+04 1.030326e+04 1.033577e+04
6.5 1.040594e+04 1.029770e+04 1.029470e+04 1.040294e+04
7.5 1.026917e+04 1.029439e+04 1.029142e+04 1.026620e+04
8.5 1.027799e+04 1.031735e+04 1.031440e+04 1.027504e+04
9.5 1.034208e+04 1.034303e+04 1.034010e+04 1.033915e+04
10.5 1.036143e+04 1.033748e+04 1.033457e+04 1.035852e+04
0.5 1.026917e+04 1.029439e+04 1.029142e+04 1.026620e+04
1.5 1.027799e+04 1.031735e+04 1.031440e+04 1.027504e+04
2.5 1.034208e+04 1.034303e+04 1.034010e+04 1.033915e+04
3.5 1.036143e+04 1.033748e+04 1.033457e+04 1.035852e+04
4.5 1.033667e+04 1.031978e+04 1.031690e+04 1.033379e+04
5.5 1.031900e+04 1.030622e+04 1.030337e+04 1.031615e+04
6.5 1.033335e+04 1.032258e+04 1.031976e+04 1.033052e+04
7.5 1.031410e+04 1.034487e+04 1.034207e+04 1.031130e+04
8.5 1.024212e+04 1.033781e+04 1.033503e+04 1.023934e+04
9.5 1.024036e+04 1.031956e+04 1.031680e+04 1.023761e+04
10.5 1.031842e+04 1.030457e+04 1.030204e+04 1.031589e+04
0.5 1.031900e+04 1.030622e+04 1.030337e+04 1.031615e+04
1.5 1.033335e+04 1.032258e+04 1.031976e+04 1.033052e+04
2.5 1.031410e+04 1.034487e+04 1.034207e+04 1.031130e+04
3.5 1.024212e+04 1.033781e+04 1.033503e+04 1.023934e+04
4.5 1.024036e+04 1.031956e+04 1.031680e+04 1.023761e+04
5.5 1.031842e+04 1.030457e+04 1.030204e+04 1.031589e+04
6.5 1.030099e+04 1.029103e+04 1.029336e+04 1.030332e+04
7.5 1.027603e+04 1.028163e+04 1.028915e+04 1.028355e+04
8.5 1.027172e+04 1.028071e+04 1.028726e+04 1.027827e+04
9.5 1.031594e+04 1.028326e+04 1.028646e+04 1.031913e+04
10.5 1.027179e+04 1.028570e+04 1.028611e+04 1.027220e+04
0.5 1.029622e+04 1.028783e+04 1.028675e+04 1.029514e+04
1.5 1.032613e+04 1.031355e+04 1.031169e+04 1.032426e+04
2.5 1.031915e+04 1.034046e+04 1.033826e+04 1.031695e+04
3.5 1.039987e+04 1.033550e+04 1.033318e+04 1.039755e+04
4.5 1.031824e+04 1.031820e+04 1.031583e+04 1.031587e+04
5.5 1.026755e+04 1.030388e+04 1.030149e+04 1.026516e+04
6.5 1.024068e+04 1.029647e+04 1.029410e+04 1.023831e+04
7.5 1.036009e+04 1.031733e+04 1.031497e+04 1.035773e+04
8.5 1.036964e+04 1.034214e+04 1.033980e+04 1.036729e+04
9.5 1.031342e+04 1.033637e+04 1.033404e+04 1.031108e+04
10.5 1.031361e+04 1.031880e+04 1.031647e+04 1.031128e+04
0.5 1.024068e+04 1.029647e+04 1.029410e+04 1.023831e+04
1.5 1.036009e+04 1.031733e+04 1.031497e+04 1.035773e+04
2.5 1.036964e+04 1.034214e+04 1.033980e+04 1.036729e+04
3.5 1.031342e+04 1.033637e+04 1.033404e+04 1.031108e+04
4.5 1.031361e+04 1.031880e+04 1.031647e+04 1.031128e+04
5.5 1.031191e+04 1.030437e+04 1.030205e+04 1.030959e+04
6.5 1.029552e+04 1.029705e+04 1.029473e+04 1.029320e+04
7.5 1.033524e+04 1.031798e+04 1.031567e+04 1.033293e+04
8.5 1.034362e+04 1.034288e+04 1.034057e+04 1.034132e+04
9.5 1.029020e+04 1.033719e+04 1.033489e+04 1.028790e+04
10.5 1.032913e+04 1.031970e+04 1.031739e+04 1.032683e+04
0.5 1.029552e+04 1.029705e+04 1.029473e+04 1.029320e+04
1.5 1.033524e+04 1.031798e+04 1.031567e+04 1.033293e+04
2.5 1.034362e+04 1.034288e+04 1.034057e+04 1.034132e+04
3.5 1.029020e+04 1.033719e+04 1.033489e+04 1.028790e+04
4.5 1.032913e+04 1.031970e+04 1.031739e+04 1.032683e+04
5.5 1.023526e+04 1.030535e+04 1.030305e+04 1.023296e+04
6.5 1.024489e+04 1.029714e+04 1.029484e+04 1.024259e+04
7.5 1.025159e+04 1.029305e+04 1.029093e+04 1.024947e+04
8.5 1.028610e+04 1.028664e+04 1.028936e+04 1.028882e+04
9.5 1.029265e+04 1.028100e+04 1.028888e+04 1.030053e+04
10.5 1.023049e+04 1.028199e+04 1.028887e+04 1.023737e+04
0.5 1.028205e+04 1.029270e+04 1.029091e+04 1.028026e+04
1.5 1.027065e+04 1.031833e+04 1.031617e+04 1.026849e+04
2.5 1.035616e+04 1.034541e+04 1.034310e+04 1.035384e+04
3.5 1.036052e+04 1.034075e+04 1.033836e+04 1.035813e+04
4.5 1.037941e+04 1.032382e+04 1.032137e+04 1.037696e+04
5.5 1.028507e+04 1.030987e+04 1.030741e+04 1.028260e+04
6.5 1.032957e+04 1.030192e+04 1.029942e+04 1.032707e+04
7.5 1.034503e+04 1.029808e+04 1.029574e+04 1.034269e+04
8.5 1.040101e+04 1.029192e+04 1.029440e+04 1.040349e+04
9.5 1.033749e+04 1.028654e+04 1.029415e+04 1.034510e+04
10.5 1.031223e+04 1.028779e+04 1.029438e+04 1.031881e+04
