0.5 9.475766e+03 9.511176e+03 9.519184e+03 9.483774e+03
1.5 9.528970e+03 9.530629e+03 9.554302e+03 9.552643e+03
2.5 9.563716e+03 9.560962e+03 9.591784e+03 9.594537e+03
3.5 9.564651e+03 9.550517e+03 9.584049e+03 9.598183e+03
4.5 9.521042e+03 9.524623e+03 9.558812e+03 9.555231e+03
5.5 9.502059e+03 9.505268e+03 9.539282e+03 9.536072e+03
6.5 9.549358e+03 9.528873e+03 9.562507e+03 9.582992e+03
7.5 9.590586e+03 9.561236e+03 9.594221e+03 9.623571e+03
8.5 9.589529e+03 9.551664e+03 9.584030e+03 9.621896e+03
9.5 9.588977e+03 9.526098e+03 9.557876e+03 9.620755e+03
10.5 9.526827e+03 9.507332e+03 9.536673e+03 9.556168e+03
0.5 9.502059e+03 9.505268e+03 9.539282e+03 9.536072e+03
1.5 9.549358e+03 9.528873e+03 9.562507e+03 9.582992e+03
2.5 9.590586e+03 9.561236e+03 9.594221e+03 9.623571e+03
3.5 9.589529e+03 9.551664e+03 9.584030e+03 9.621896e+03
4.5 9.588977e+03 9.526098e+03 9.557876e+03 9.620755e+03
5.5 9.526827e+03 9.507332e+03 9.536673e+03 9.556168e+03
6.5 9.526274e+03 9.543323e+03 9.524187e+03 9.507138e+03
7.5 9.562993e+03 9.588806e+03 9.518076e+03 9.492263e+03
8.5 9.545241e+03 9.576666e+03 9.515291e+03 9.483867e+03
9.5 9.507620e+03 9.542453e+03 9.514064e+03 9.479231e+03
10.5 9.472335e+03 9.514655e+03 9.513501e+03 9.471181e+03
0.5 9.483734e+03 9.499894e+03 9.514525e+03 9.498365e+03
1.5 9.529482e+03 9.527815e+03 9.549999e+03 9.551666e+03
2.5 9.586173e+03 9.562520e+03 9.587821e+03 9.611475e+03
3.5 9.558831e+03 9.554042e+03 9.580411e+03 9.585199e+03
4.5 9.480661e+03 9.528895e+03 9.555483e+03 9.507248e+03
5.5 9.460978e+03 9.508270e+03 9.534854e+03 9.487562e+03
6.5 9.485921e+03 9.497853e+03 9.524148e+03 9.512216e+03
7.5 9.541760e+03 9.527767e+03 9.553793e+03 9.567786e+03
8.5 9.565536e+03 9.563317e+03 9.589092e+03 9.591311e+03
9.5 9.568480e+03 9.555151e+03 9.580693e+03 9.594021e+03
10.5 9.507093e+03 9.530088e+03 9.555418e+03 9.532423e+03
0.5 9.485921e+03 9.497853e+03 9.524148e+03 9.512216e+03
1.5 9.541760e+03 9.527767e+03 9.553793e+03 9.567786e+03
2.5 9.565536e+03 9.563317e+03 9.589092e+03 9.591311e+03
3.5 9.568480e+03 9.555151e+03 9.580693e+03 9.594021e+03
4.5 9.507093e+03 9.530088e+03 9.555418e+03 9.532423e+03
5.5 9.502712e+03 9.509480e+03 9.534622e+03 9.527854e+03
6.5 9.518901e+03 9.499483e+03 9.522582e+03 9.542000e+03
7.5 9.555882e+03 9.541674e+03 9.516680e+03 9.530888e+03
8.5 9.600537e+03 9.590310e+03 9.514094e+03 9.524322e+03
9.5 9.603660e+03 9.579549e+03 9.513054e+03 9.537166e+03
10.5 9.522760e+03 9.545813e+03 9.512667e+03 9.489614e+03
0.5 9.488553e+03 9.503302e+03 9.513896e+03 9.499147e+03
1.5 9.505177e+03 9.531043e+03 9.549540e+03 9.523674e+03
2.5 9.544954e+03 9.565569e+03 9.587524e+03 9.566909e+03
3.5 9.502454e+03 9.556911e+03 9.580268e+03 9.525810e+03
4.5 9.448326e+03 9.531585e+03 9.555487e+03 9.472229e+03
5.5 9.438647e+03 9.510777e+03 9.534994e+03 9.462865e+03
6.5 9.464619e+03 9.498781e+03 9.523020e+03 9.488859e+03
7.5 9.470204e+03 9.494778e+03 9.517180e+03 9.492606e+03
8.5 9.518975e+03 9.540145e+03 9.514657e+03 9.493487e+03
9.5 9.571635e+03 9.590186e+03 9.513679e+03 9.495128e+03
10.5 9.573490e+03 9.579941e+03 9.513353e+03 9.506902e+03
0.5 9.500187e+03 9.495743e+03 9.514905e+03 9.519349e+03
1.5 9.509658e+03 9.527811e+03 9.550616e+03 9.532463e+03
2.5 9.620287e+03 9.564280e+03 9.588665e+03 9.644672e+03
3.5 9.572364e+03 9.556371e+03 9.581473e+03 9.597466e+03
4.5 9.527743e+03 9.531171e+03 9.556755e+03 9.553327e+03
5.5 9.508439e+03 9.510556e+03 9.536323e+03 9.534207e+03
6.5 9.499339e+03 9.498449e+03 9.524408e+03 9.525299e+03
7.5 9.486341e+03 9.493859e+03 9.520018e+03 9.512501e+03
8.5 9.495208e+03 9.526788e+03 9.553154e+03 9.521575e+03
9.5 9.556444e+03 9.563589e+03 9.590170e+03 9.583025e+03
10.5 9.569370e+03 9.555790e+03 9.582591e+03 9.596171e+03
0.5 9.486341e+03 9.493859e+03 9.520018e+03 9.512501e+03
1.5 9.495208e+03 9.526788e+03 9.553154e+03 9.521575e+03
2.5 9.556444e+03 9.563589e+03 9.590170e+03 9.583025e+03
3.5 9.569370e+03 9.555790e+03 9.582591e+03 9.596171e+03
4.5 9.531860e+03 9.530641e+03 9.557668e+03 9.558887e+03
5.5 9.545220e+03 9.511399e+03 9.538657e+03 9.572477e+03
6.5 9.591263e+03 9.534877e+03 9.562376e+03 9.618762e+03
7.5 9.652136e+03 9.566817e+03 9.594563e+03 9.679882e+03
8.5 9.635714e+03 9.556821e+03 9.584817e+03 9.663710e+03
9.5 9.610694e+03 9.530832e+03 9.559080e+03 9.638943e+03
10.5 9.606433e+03 9.511652e+03 9.538281e+03 9.633063e+03
0.5 9.545220e+03 9.511399e+03 9.538657e+03 9.572477e+03
1.5 9.591263e+03 9.534877e+03 9.562376e+03 9.618762e+03
2.5 9.652136e+03 9.566817e+03 9.594563e+03 9.679882e+03
3.5 9.635714e+03 9.556821e+03 9.584817e+03 9.663710e+03
4.5 9.610694e+03 9.530832e+03 9.559080e+03 9.638943e+03
5.5 9.606433e+03 9.511652e+03 9.538281e+03 9.633063e+03
6.5 9.606021e+03 9.547234e+03 9.526181e+03 9.584968e+03
7.5 9.629379e+03 9.592326e+03 9.520441e+03 9.557493e+03
8.5 9.619171e+03 9.579813e+03 9.518014e+03 9.557372e+03
9.5 9.596544e+03 9.545231e+03 9.517127e+03 9.568440e+03
10.5 9.578051e+03 9.517067e+03 9.516888e+03 9.577873e+03
0.5 9.477999e+03 9.518054e+03 9.520225e+03 9.480170e+03
1.5 9.530625e+03 9.537162e+03 9.556010e+03 9.549474e+03
2.5 9.571649e+03 9.567172e+03 9.594125e+03 9.598602e+03
3.5 9.534982e+03 9.556400e+03 9.586988e+03 9.565570e+03
4.5 9.521594e+03 9.530177e+03 9.562314e+03 9.553732e+03
5.5 9.544862e+03 9.509128e+03 9.541925e+03 9.577659e+03
6.5 9.528520e+03 9.498252e+03 9.531443e+03 9.561711e+03
7.5 9.531006e+03 9.528032e+03 9.561297e+03 9.564271e+03
8.5 9.497041e+03 9.563463e+03 9.596792e+03 9.530370e+03
9.5 9.451090e+03 9.555194e+03 9.588575e+03 9.484471e+03
10.5 9.417267e+03 9.530053e+03 9.563470e+03 9.450684e+03
0.5 9.528520e+03 9.498252e+03 9.531443e+03 9.561711e+03
1.5 9.531006e+03 9.528032e+03 9.561297e+03 9.564271e+03
2.5 9.497041e+03 9.563463e+03 9.596792e+03 9.530370e+03
3.5 9.451090e+03 9.555194e+03 9.588575e+03 9.484471e+03
4.5 9.417267e+03 9.530053e+03 9.563470e+03 9.450684e+03
5.5 9.447124e+03 9.509398e+03 9.542834e+03 9.480561e+03
6.5 9.482576e+03 9.499381e+03 9.530944e+03 9.514139e+03
7.5 9.491896e+03 9.541571e+03 9.525177e+03 9.475502e+03
8.5 9.562966e+03 9.590224e+03 9.522709e+03 9.495452e+03
9.5 9.625353e+03 9.579501e+03 9.521772e+03 9.567624e+03
10.5 9.603794e+03 9.545831e+03 9.521473e+03 9.579436e+03
0.5 9.506127e+03 9.499792e+03 9.523315e+03 9.529650e+03
1.5 9.481686e+03 9.532332e+03 9.558878e+03 9.508232e+03
2.5 9.522569e+03 9.569296e+03 9.596766e+03 9.550039e+03
3.5 9.505846e+03 9.561904e+03 9.589398e+03 9.533340e+03
4.5 9.470397e+03 9.537246e+03 9.564490e+03 9.497641e+03
5.5 9.476316e+03 9.517191e+03 9.543858e+03 9.502983e+03
6.5 9.486380e+03 9.505661e+03 9.531734e+03 9.512453e+03
7.5 9.494966e+03 9.502152e+03 9.525729e+03 9.518543e+03
8.5 9.538005e+03 9.548045e+03 9.523021e+03 9.512981e+03
9.5 9.601006e+03 9.598647e+03 9.521840e+03 9.524199e+03
10.5 9.586261e+03 9.588994e+03 9.521293e+03 9.518559e+03
0.5 9.545805e+03 9.507416e+03 9.521691e+03 9.560079e+03
1.5 9.585314e+03 9.540212e+03 9.557068e+03 9.602170e+03
2.5 9.616224e+03 9.577450e+03 9.594781e+03 9.633556e+03
3.5 9.594871e+03 9.570344e+03 9.587245e+03 9.611772e+03
4.5 9.533680e+03 9.545980e+03 9.562170e+03 9.549870e+03
5.5 9.528760e+03 9.526206e+03 9.541342e+03 9.543896e+03
6.5 9.530512e+03 9.514936e+03 9.528981e+03 9.544557e+03
7.5 9.521992e+03 9.509824e+03 9.522742e+03 9.534909e+03
