0.5 1.045948e+04 1.065522e+04 1.067105e+04 1.047531e+04
1.5 1.066794e+04 1.069854e+04 1.074533e+04 1.071474e+04
2.5 1.086357e+04 1.076369e+04 1.082461e+04 1.092450e+04
3.5 1.061529e+04 1.074197e+04 1.080825e+04 1.068158e+04
4.5 1.072810e+04 1.068729e+04 1.075487e+04 1.079569e+04
5.5 1.059982e+04 1.064632e+04 1.071356e+04 1.066706e+04
6.5 1.082713e+04 1.069620e+04 1.076269e+04 1.089361e+04
7.5 1.085114e+04 1.076457e+04 1.082977e+04 1.091634e+04
8.5 1.075118e+04 1.074423e+04 1.080821e+04 1.081516e+04
9.5 1.075282e+04 1.069007e+04 1.075289e+04 1.081564e+04
10.5 1.060647e+04 1.065004e+04 1.070804e+04 1.066447e+04
0.5 1.059982e+04 1.064632e+04 1.071356e+04 1.066706e+04
1.5 1.082713e+04 1.069620e+04 1.076269e+04 1.089361e+04
2.5 1.085114e+04 1.076457e+04 1.082977e+04 1.091634e+04
3.5 1.075118e+04 1.074423e+04 1.080821e+04 1.081516e+04
4.5 1.075282e+04 1.069007e+04 1.075289e+04 1.081564e+04
5.5 1.060647e+04 1.065004e+04 1.070804e+04 1.066447e+04
6.5 1.067601e+04 1.071946e+04 1.068163e+04 1.063819e+04
7.5 1.072919e+04 1.080852e+04 1.066870e+04 1.058938e+04
8.5 1.078385e+04 1.078413e+04 1.066281e+04 1.066253e+04
9.5 1.069908e+04 1.071633e+04 1.066022e+04 1.064296e+04
10.5 1.066771e+04 1.066131e+04 1.065903e+04 1.066543e+04
0.5 1.067866e+04 1.063227e+04 1.066119e+04 1.070758e+04
1.5 1.074357e+04 1.069238e+04 1.073623e+04 1.078742e+04
2.5 1.084795e+04 1.076622e+04 1.081623e+04 1.089797e+04
3.5 1.082973e+04 1.074843e+04 1.080056e+04 1.088185e+04
4.5 1.066408e+04 1.069527e+04 1.074783e+04 1.071664e+04
5.5 1.056012e+04 1.065164e+04 1.070419e+04 1.061267e+04
6.5 1.062297e+04 1.062957e+04 1.068155e+04 1.067495e+04
7.5 1.076752e+04 1.069281e+04 1.074425e+04 1.081897e+04
8.5 1.084126e+04 1.076797e+04 1.081892e+04 1.089221e+04
9.5 1.072086e+04 1.075066e+04 1.080115e+04 1.077135e+04
10.5 1.059147e+04 1.069762e+04 1.074769e+04 1.064154e+04
0.5 1.062297e+04 1.062957e+04 1.068155e+04 1.067495e+04
1.5 1.076752e+04 1.069281e+04 1.074425e+04 1.081897e+04
2.5 1.084126e+04 1.076797e+04 1.081892e+04 1.089221e+04
3.5 1.072086e+04 1.075066e+04 1.080115e+04 1.077135e+04
4.5 1.059147e+04 1.069762e+04 1.074769e+04 1.064154e+04
5.5 1.061074e+04 1.065400e+04 1.070370e+04 1.066044e+04
6.5 1.065951e+04 1.063257e+04 1.067824e+04 1.070517e+04
7.5 1.068902e+04 1.071516e+04 1.066575e+04 1.063962e+04
8.5 1.081732e+04 1.081094e+04 1.066028e+04 1.066666e+04
9.5 1.078480e+04 1.078952e+04 1.065808e+04 1.065336e+04
10.5 1.077339e+04 1.072278e+04 1.065726e+04 1.070787e+04
0.5 1.066963e+04 1.063892e+04 1.065986e+04 1.069057e+04
1.5 1.062704e+04 1.069869e+04 1.073526e+04 1.066361e+04
2.5 1.069142e+04 1.077220e+04 1.081560e+04 1.073482e+04
3.5 1.082571e+04 1.075409e+04 1.080026e+04 1.087188e+04
4.5 1.056103e+04 1.070059e+04 1.074784e+04 1.060828e+04
5.5 1.053403e+04 1.065662e+04 1.070449e+04 1.058190e+04
6.5 1.052206e+04 1.063125e+04 1.067916e+04 1.056998e+04
7.5 1.075274e+04 1.062253e+04 1.066681e+04 1.079702e+04
8.5 1.077886e+04 1.071185e+04 1.066147e+04 1.072848e+04
9.5 1.076964e+04 1.081064e+04 1.065940e+04 1.061840e+04
10.5 1.077182e+04 1.079034e+04 1.065871e+04 1.064019e+04
0.5 1.067404e+04 1.062412e+04 1.066200e+04 1.071191e+04
1.5 1.066830e+04 1.069245e+04 1.073753e+04 1.071338e+04
2.5 1.078573e+04 1.076982e+04 1.081802e+04 1.083393e+04
3.5 1.067189e+04 1.075318e+04 1.080281e+04 1.072151e+04
4.5 1.062354e+04 1.069995e+04 1.075052e+04 1.067412e+04
5.5 1.058342e+04 1.065637e+04 1.070730e+04 1.063435e+04
6.5 1.060102e+04 1.063078e+04 1.068210e+04 1.065234e+04
7.5 1.067729e+04 1.062110e+04 1.067281e+04 1.072901e+04
8.5 1.061799e+04 1.069078e+04 1.074290e+04 1.067011e+04
9.5 1.087536e+04 1.076866e+04 1.082120e+04 1.092791e+04
10.5 1.090488e+04 1.075219e+04 1.080517e+04 1.095786e+04
0.5 1.067729e+04 1.062110e+04 1.067281e+04 1.072901e+04
1.5 1.061799e+04 1.069078e+04 1.074290e+04 1.067011e+04
2.5 1.087536e+04 1.076866e+04 1.082120e+04 1.092791e+04
3.5 1.090488e+04 1.075219e+04 1.080517e+04 1.095786e+04
4.5 1.057688e+04 1.069903e+04 1.075245e+04 1.063031e+04
5.5 1.062465e+04 1.065836e+04 1.071224e+04 1.067853e+04
6.5 1.078048e+04 1.070805e+04 1.076241e+04 1.083484e+04
7.5 1.083529e+04 1.077565e+04 1.083049e+04 1.089013e+04
8.5 1.090158e+04 1.075454e+04 1.080988e+04 1.095692e+04
9.5 1.080316e+04 1.069960e+04 1.075544e+04 1.085900e+04
10.5 1.079726e+04 1.065880e+04 1.071144e+04 1.084990e+04
0.5 1.062465e+04 1.065836e+04 1.071224e+04 1.067853e+04
1.5 1.078048e+04 1.070805e+04 1.076241e+04 1.083484e+04
2.5 1.083529e+04 1.077565e+04 1.083049e+04 1.089013e+04
3.5 1.090158e+04 1.075454e+04 1.080988e+04 1.095692e+04
4.5 1.080316e+04 1.069960e+04 1.075544e+04 1.085900e+04
5.5 1.079726e+04 1.065880e+04 1.071144e+04 1.084990e+04
6.5 1.074766e+04 1.072746e+04 1.068585e+04 1.070605e+04
7.5 1.085503e+04 1.081580e+04 1.067371e+04 1.071293e+04
8.5 1.089579e+04 1.079073e+04 1.066857e+04 1.077363e+04
9.5 1.072116e+04 1.072225e+04 1.066670e+04 1.066561e+04
10.5 1.079723e+04 1.066654e+04 1.066619e+04 1.079688e+04
0.5 1.064984e+04 1.066896e+04 1.067325e+04 1.065413e+04
1.5 1.084137e+04 1.071169e+04 1.074894e+04 1.087863e+04
2.5 1.080747e+04 1.077629e+04 1.082957e+04 1.086074e+04
3.5 1.076337e+04 1.075401e+04 1.081447e+04 1.082384e+04
4.5 1.057889e+04 1.069875e+04 1.076228e+04 1.064242e+04
5.5 1.079584e+04 1.065432e+04 1.071915e+04 1.086067e+04
6.5 1.064107e+04 1.063137e+04 1.069698e+04 1.070668e+04
7.5 1.060669e+04 1.069437e+04 1.076013e+04 1.067244e+04
8.5 1.069391e+04 1.076932e+04 1.083521e+04 1.075980e+04
9.5 1.056724e+04 1.075184e+04 1.081783e+04 1.063322e+04
10.5 1.042395e+04 1.069867e+04 1.076472e+04 1.049001e+04
0.5 1.064107e+04 1.063137e+04 1.069698e+04 1.070668e+04
1.5 1.060669e+04 1.069437e+04 1.076013e+04 1.067244e+04
2.5 1.069391e+04 1.076932e+04 1.083521e+04 1.075980e+04
3.5 1.056724e+04 1.075184e+04 1.081783e+04 1.063322e+04
4.5 1.042395e+04 1.069867e+04 1.076472e+04 1.049001e+04
5.5 1.045752e+04 1.065498e+04 1.072107e+04 1.052361e+04
6.5 1.067010e+04 1.063353e+04 1.069592e+04 1.073249e+04
7.5 1.068057e+04 1.071613e+04 1.068372e+04 1.064816e+04
8.5 1.072204e+04 1.081196e+04 1.067850e+04 1.058859e+04
9.5 1.081210e+04 1.079064e+04 1.067652e+04 1.069798e+04
10.5 1.078929e+04 1.072404e+04 1.067589e+04 1.074114e+04
0.5 1.052621e+04 1.063329e+04 1.067978e+04 1.057271e+04
1.5 1.061378e+04 1.070253e+04 1.075501e+04 1.066626e+04
2.5 1.067314e+04 1.078085e+04 1.083515e+04 1.072744e+04
3.5 1.065755e+04 1.076522e+04 1.081957e+04 1.071190e+04
4.5 1.058219e+04 1.071303e+04 1.076688e+04 1.063605e+04
5.5 1.057800e+04 1.067053e+04 1.072324e+04 1.063072e+04
6.5 1.064919e+04 1.064605e+04 1.069759e+04 1.070073e+04
7.5 1.075278e+04 1.063829e+04 1.068489e+04 1.079939e+04
8.5 1.072239e+04 1.072863e+04 1.067916e+04 1.067293e+04
9.5 1.085744e+04 1.082849e+04 1.067667e+04 1.070561e+04
10.5 1.084291e+04 1.080934e+04 1.067551e+04 1.070908e+04
0.5 1.072282e+04 1.064813e+04 1.067635e+04 1.075104e+04
1.5 1.079850e+04 1.071786e+04 1.075118e+04 1.083182e+04
2.5 1.086296e+04 1.079670e+04 1.083095e+04 1.089721e+04
3.5 1.079878e+04 1.078160e+04 1.081501e+04 1.083219e+04
4.5 1.071600e+04 1.072997e+04 1.076197e+04 1.074800e+04
5.5 1.074172e+04 1.068800e+04 1.071792e+04 1.077164e+04
6.5 1.069899e+04 1.066401e+04 1.069177e+04 1.072676e+04
7.5 1.069455e+04 1.065304e+04 1.067857e+04 1.072009e+04
