0.5 1.013857e+04 1.017200e+04 1.020513e+04 1.017170e+04
1.5 1.019177e+04 1.025401e+04 1.028906e+04 1.022683e+04
2.5 1.034728e+04 1.034149e+04 1.037839e+04 1.038418e+04
3.5 1.042115e+04 1.032491e+04 1.036357e+04 1.045981e+04
4.5 1.034003e+04 1.026798e+04 1.030831e+04 1.038037e+04
5.5 1.023719e+04 1.022409e+04 1.026601e+04 1.027912e+04
6.5 1.030121e+04 1.027847e+04 1.032190e+04 1.034464e+04
7.5 1.035870e+04 1.035234e+04 1.039718e+04 1.040355e+04
8.5 1.039730e+04 1.032983e+04 1.037602e+04 1.044348e+04
9.5 1.022624e+04 1.027062e+04 1.031807e+04 1.027369e+04
10.5 1.016339e+04 1.022596e+04 1.027139e+04 1.020882e+04
0.5 1.023719e+04 1.022409e+04 1.026601e+04 1.027912e+04
1.5 1.030121e+04 1.027847e+04 1.032190e+04 1.034464e+04
2.5 1.035870e+04 1.035234e+04 1.039718e+04 1.040355e+04
3.5 1.039730e+04 1.032983e+04 1.037602e+04 1.044348e+04
4.5 1.022624e+04 1.027062e+04 1.031807e+04 1.027369e+04
5.5 1.016339e+04 1.022596e+04 1.027139e+04 1.020882e+04
6.5 1.033224e+04 1.028024e+04 1.024463e+04 1.029663e+04
7.5 1.031888e+04 1.035452e+04 1.023242e+04 1.019678e+04
8.5 1.042396e+04 1.033204e+04 1.022779e+04 1.031971e+04
9.5 1.019156e+04 1.027269e+04 1.022667e+04 1.014555e+04
10.5 1.019912e+04 1.022792e+04 1.022697e+04 1.019817e+04
0.5 1.021827e+04 1.022988e+04 1.023495e+04 1.022334e+04
1.5 1.026960e+04 1.028386e+04 1.031775e+04 1.030348e+04
2.5 1.030210e+04 1.035788e+04 1.040586e+04 1.035009e+04
3.5 1.030350e+04 1.033547e+04 1.038989e+04 1.035791e+04
4.5 1.021622e+04 1.027631e+04 1.033355e+04 1.027346e+04
5.5 1.011219e+04 1.022849e+04 1.028704e+04 1.017073e+04
6.5 1.018842e+04 1.020390e+04 1.026008e+04 1.024460e+04
7.5 1.018973e+04 1.027285e+04 1.024718e+04 1.016405e+04
8.5 1.036210e+04 1.035480e+04 1.024185e+04 1.024915e+04
9.5 1.030598e+04 1.033588e+04 1.024003e+04 1.021013e+04
10.5 1.018017e+04 1.027799e+04 1.023966e+04 1.014184e+04
0.5 1.024732e+04 1.020803e+04 1.024561e+04 1.028491e+04
1.5 1.023370e+04 1.027654e+04 1.032775e+04 1.028491e+04
2.5 1.025581e+04 1.035806e+04 1.041523e+04 1.031298e+04
3.5 1.045162e+04 1.033906e+04 1.039863e+04 1.051119e+04
4.5 1.029835e+04 1.028121e+04 1.034168e+04 1.035881e+04
5.5 1.026324e+04 1.023362e+04 1.029454e+04 1.032417e+04
6.5 1.015801e+04 1.020934e+04 1.026697e+04 1.021564e+04
7.5 1.031393e+04 1.027809e+04 1.025347e+04 1.028931e+04
8.5 1.033848e+04 1.035983e+04 1.024757e+04 1.022621e+04
9.5 1.032846e+04 1.034070e+04 1.024517e+04 1.023294e+04
10.5 1.034331e+04 1.028258e+04 1.024424e+04 1.030497e+04
0.5 1.020376e+04 1.019675e+04 1.024680e+04 1.025382e+04
1.5 1.022209e+04 1.027272e+04 1.032860e+04 1.027797e+04
2.5 1.031728e+04 1.035760e+04 1.041573e+04 1.037541e+04
3.5 1.031378e+04 1.033991e+04 1.039879e+04 1.037266e+04
4.5 1.027792e+04 1.028231e+04 1.034151e+04 1.033712e+04
5.5 1.023574e+04 1.023507e+04 1.029406e+04 1.029472e+04
6.5 1.022712e+04 1.020741e+04 1.026616e+04 1.028588e+04
7.5 1.019409e+04 1.019704e+04 1.025234e+04 1.024939e+04
8.5 1.029451e+04 1.027322e+04 1.024612e+04 1.026741e+04
9.5 1.048814e+04 1.035832e+04 1.024342e+04 1.037324e+04
10.5 1.020680e+04 1.034050e+04 1.024219e+04 1.010850e+04
0.5 1.045345e+04 1.023822e+04 1.023958e+04 1.045481e+04
1.5 1.043306e+04 1.029174e+04 1.032102e+04 1.046235e+04
2.5 1.036700e+04 1.036531e+04 1.040784e+04 1.040953e+04
3.5 1.043455e+04 1.034248e+04 1.039061e+04 1.048268e+04
4.5 1.034752e+04 1.028289e+04 1.033306e+04 1.039769e+04
5.5 1.040698e+04 1.023464e+04 1.028537e+04 1.045771e+04
6.5 1.018982e+04 1.020641e+04 1.025726e+04 1.024067e+04
7.5 1.021431e+04 1.019602e+04 1.024647e+04 1.026475e+04
8.5 1.043478e+04 1.027194e+04 1.032198e+04 1.048481e+04
9.5 1.024587e+04 1.035677e+04 1.040640e+04 1.029549e+04
10.5 1.034071e+04 1.033903e+04 1.038825e+04 1.038993e+04
0.5 1.021431e+04 1.019602e+04 1.024647e+04 1.026475e+04
1.5 1.043478e+04 1.027194e+04 1.032198e+04 1.048481e+04
2.5 1.024587e+04 1.035677e+04 1.040640e+04 1.029549e+04
3.5 1.034071e+04 1.033903e+04 1.038825e+04 1.038993e+04
4.5 1.039743e+04 1.028140e+04 1.033020e+04 1.044622e+04
5.5 1.014601e+04 1.023738e+04 1.028574e+04 1.019438e+04
6.5 1.033213e+04 1.029165e+04 1.033957e+04 1.038006e+04
7.5 1.035337e+04 1.036539e+04 1.041288e+04 1.040086e+04
8.5 1.036708e+04 1.034269e+04 1.038976e+04 1.041415e+04
9.5 1.019472e+04 1.028322e+04 1.032987e+04 1.024138e+04
10.5 1.006594e+04 1.023833e+04 1.028136e+04 1.010897e+04
0.5 1.014601e+04 1.023738e+04 1.028574e+04 1.019438e+04
1.5 1.033213e+04 1.029165e+04 1.033957e+04 1.038006e+04
2.5 1.035337e+04 1.036539e+04 1.041288e+04 1.040086e+04
3.5 1.036708e+04 1.034269e+04 1.038976e+04 1.041415e+04
4.5 1.019472e+04 1.028322e+04 1.032987e+04 1.024138e+04
5.5 1.006594e+04 1.023833e+04 1.028136e+04 1.010897e+04
6.5 1.029591e+04 1.029242e+04 1.025287e+04 1.025636e+04
7.5 1.040183e+04 1.036653e+04 1.023903e+04 1.027433e+04
8.5 1.020221e+04 1.034385e+04 1.023282e+04 1.009119e+04
9.5 1.019251e+04 1.028427e+04 1.023018e+04 1.013841e+04
10.5 1.020490e+04 1.023610e+04 1.022905e+04 1.019786e+04
0.5 1.029788e+04 1.021286e+04 1.023116e+04 1.031617e+04
1.5 1.026965e+04 1.028146e+04 1.031306e+04 1.030125e+04
2.5 1.040421e+04 1.036308e+04 1.040037e+04 1.044150e+04
3.5 1.038631e+04 1.034420e+04 1.038366e+04 1.042577e+04
4.5 1.029525e+04 1.028652e+04 1.032667e+04 1.033539e+04
5.5 1.033374e+04 1.023914e+04 1.027957e+04 1.037417e+04
6.5 1.025809e+04 1.021511e+04 1.025530e+04 1.029828e+04
7.5 1.031144e+04 1.028387e+04 1.032384e+04 1.035142e+04
8.5 1.033726e+04 1.036562e+04 1.040541e+04 1.037705e+04
9.5 1.034736e+04 1.034687e+04 1.038649e+04 1.038698e+04
10.5 1.031248e+04 1.028931e+04 1.032878e+04 1.035195e+04
0.5 1.025809e+04 1.021511e+04 1.025530e+04 1.029828e+04
1.5 1.031144e+04 1.028387e+04 1.032384e+04 1.035142e+04
2.5 1.033726e+04 1.036562e+04 1.040541e+04 1.037705e+04
3.5 1.034736e+04 1.034687e+04 1.038649e+04 1.038698e+04
4.5 1.031248e+04 1.028931e+04 1.032878e+04 1.035195e+04
5.5 1.023575e+04 1.024205e+04 1.028139e+04 1.027509e+04
6.5 1.030363e+04 1.021813e+04 1.025736e+04 1.034285e+04
7.5 1.027215e+04 1.028701e+04 1.032614e+04 1.031129e+04
8.5 1.044991e+04 1.036888e+04 1.040795e+04 1.048898e+04
9.5 1.044490e+04 1.035025e+04 1.038927e+04 1.048392e+04
10.5 1.032032e+04 1.029281e+04 1.033181e+04 1.035932e+04
0.5 1.030363e+04 1.021813e+04 1.025736e+04 1.034285e+04
1.5 1.027215e+04 1.028701e+04 1.032614e+04 1.031129e+04
2.5 1.044991e+04 1.036888e+04 1.040795e+04 1.048898e+04
3.5 1.044490e+04 1.035025e+04 1.038927e+04 1.048392e+04
4.5 1.032032e+04 1.029281e+04 1.033181e+04 1.035932e+04
5.5 1.019278e+04 1.024568e+04 1.028468e+04 1.023179e+04
6.5 1.016028e+04 1.021867e+04 1.025771e+04 1.019932e+04
7.5 1.031373e+04 1.020899e+04 1.024489e+04 1.034962e+04
8.5 1.019458e+04 1.028589e+04 1.023973e+04 1.014842e+04
9.5 1.039705e+04 1.037174e+04 1.023815e+04 1.026346e+04
10.5 1.022449e+04 1.035470e+04 1.023811e+04 1.010790e+04
0.5 1.024128e+04 1.021447e+04 1.024480e+04 1.027161e+04
1.5 1.021193e+04 1.029123e+04 1.032780e+04 1.024851e+04
2.5 1.033954e+04 1.037694e+04 1.041624e+04 1.037884e+04
3.5 1.032459e+04 1.036013e+04 1.040069e+04 1.036515e+04
4.5 1.025500e+04 1.030345e+04 1.034489e+04 1.029643e+04
5.5 1.016342e+04 1.025715e+04 1.029900e+04 1.020526e+04
6.5 1.021125e+04 1.023043e+04 1.027276e+04 1.025359e+04
7.5 1.023352e+04 1.022104e+04 1.026068e+04 1.027316e+04
8.5 1.033813e+04 1.029827e+04 1.025628e+04 1.029614e+04
9.5 1.047031e+04 1.038448e+04 1.025546e+04 1.034130e+04
10.5 1.040653e+04 1.036782e+04 1.025620e+04 1.029491e+04
