0.5 1.016339e+04 1.022596e+04 1.023964e+04 1.017707e+04
1.5 1.033224e+04 1.028024e+04 1.032067e+04 1.037267e+04
2.5 1.031888e+04 1.035452e+04 1.040716e+04 1.037152e+04
3.5 1.042396e+04 1.033204e+04 1.038931e+04 1.048123e+04
4.5 1.019156e+04 1.027269e+04 1.033108e+04 1.024995e+04
5.5 1.019912e+04 1.022792e+04 1.028601e+04 1.025721e+04
6.5 1.027153e+04 1.028216e+04 1.033960e+04 1.032898e+04
7.5 1.037854e+04 1.035645e+04 1.041278e+04 1.043487e+04
8.5 1.037370e+04 1.033399e+04 1.038927e+04 1.042898e+04
9.5 1.035313e+04 1.027464e+04 1.032892e+04 1.040740e+04
10.5 1.021827e+04 1.022988e+04 1.027999e+04 1.026838e+04
0.5 1.019912e+04 1.022792e+04 1.028601e+04 1.025721e+04
1.5 1.027153e+04 1.028216e+04 1.033960e+04 1.032898e+04
2.5 1.037854e+04 1.035645e+04 1.041278e+04 1.043487e+04
3.5 1.037370e+04 1.033399e+04 1.038927e+04 1.042898e+04
4.5 1.035313e+04 1.027464e+04 1.032892e+04 1.040740e+04
5.5 1.021827e+04 1.022988e+04 1.027999e+04 1.026838e+04
6.5 1.026960e+04 1.028386e+04 1.025118e+04 1.023692e+04
7.5 1.030210e+04 1.035788e+04 1.023708e+04 1.018130e+04
8.5 1.030350e+04 1.033547e+04 1.023065e+04 1.019868e+04
9.5 1.021622e+04 1.027631e+04 1.022782e+04 1.016774e+04
10.5 1.011219e+04 1.022849e+04 1.022652e+04 1.011022e+04
0.5 1.018842e+04 1.020390e+04 1.022888e+04 1.021341e+04
1.5 1.018973e+04 1.027285e+04 1.031074e+04 1.022762e+04
2.5 1.036210e+04 1.035480e+04 1.039802e+04 1.040531e+04
3.5 1.030598e+04 1.033588e+04 1.038092e+04 1.035102e+04
4.5 1.018017e+04 1.027799e+04 1.032339e+04 1.022557e+04
5.5 1.024579e+04 1.023039e+04 1.027579e+04 1.029119e+04
6.5 1.009810e+04 1.020618e+04 1.025109e+04 1.014301e+04
7.5 1.024988e+04 1.027505e+04 1.031950e+04 1.029432e+04
8.5 1.038361e+04 1.035693e+04 1.040095e+04 1.042763e+04
9.5 1.026588e+04 1.033794e+04 1.038157e+04 1.030951e+04
10.5 1.020667e+04 1.027998e+04 1.032325e+04 1.024993e+04
0.5 1.009810e+04 1.020618e+04 1.025109e+04 1.014301e+04
1.5 1.024988e+04 1.027505e+04 1.031950e+04 1.029432e+04
2.5 1.038361e+04 1.035693e+04 1.040095e+04 1.042763e+04
3.5 1.026588e+04 1.033794e+04 1.038157e+04 1.030951e+04
4.5 1.020667e+04 1.027998e+04 1.032325e+04 1.024993e+04
5.5 1.025418e+04 1.023232e+04 1.027526e+04 1.029713e+04
6.5 1.024732e+04 1.020803e+04 1.024748e+04 1.028677e+04
7.5 1.023370e+04 1.027654e+04 1.023386e+04 1.019101e+04
8.5 1.025581e+04 1.035806e+04 1.022789e+04 1.012564e+04
9.5 1.045162e+04 1.033906e+04 1.022549e+04 1.033805e+04
10.5 1.029835e+04 1.028121e+04 1.022460e+04 1.024173e+04
0.5 1.015801e+04 1.020934e+04 1.022743e+04 1.017611e+04
1.5 1.031393e+04 1.027809e+04 1.030968e+04 1.034552e+04
2.5 1.033848e+04 1.035983e+04 1.039733e+04 1.037597e+04
3.5 1.032846e+04 1.034070e+04 1.038059e+04 1.036835e+04
4.5 1.034331e+04 1.028258e+04 1.032340e+04 1.038414e+04
5.5 1.017854e+04 1.023476e+04 1.027612e+04 1.021990e+04
6.5 1.013643e+04 1.020709e+04 1.024849e+04 1.017783e+04
7.5 1.020376e+04 1.019675e+04 1.023501e+04 1.024202e+04
8.5 1.022209e+04 1.027272e+04 1.022919e+04 1.017856e+04
9.5 1.031728e+04 1.035760e+04 1.022693e+04 1.018661e+04
10.5 1.031378e+04 1.033991e+04 1.022618e+04 1.020005e+04
0.5 1.019409e+04 1.019704e+04 1.022976e+04 1.022681e+04
1.5 1.029451e+04 1.027322e+04 1.031216e+04 1.033346e+04
2.5 1.048814e+04 1.035832e+04 1.039996e+04 1.052978e+04
3.5 1.020680e+04 1.034050e+04 1.038337e+04 1.024967e+04
4.5 1.021722e+04 1.028264e+04 1.032633e+04 1.026092e+04
5.5 1.025963e+04 1.023518e+04 1.027918e+04 1.030364e+04
6.5 1.030315e+04 1.020735e+04 1.025169e+04 1.034749e+04
7.5 1.019443e+04 1.019688e+04 1.024156e+04 1.023910e+04
8.5 1.016190e+04 1.027299e+04 1.031802e+04 1.020693e+04
9.5 1.033989e+04 1.035804e+04 1.040343e+04 1.038529e+04
10.5 1.035778e+04 1.034017e+04 1.038595e+04 1.040355e+04
0.5 1.019443e+04 1.019688e+04 1.024156e+04 1.023910e+04
1.5 1.016190e+04 1.027299e+04 1.031802e+04 1.020693e+04
2.5 1.033989e+04 1.035804e+04 1.040343e+04 1.038529e+04
3.5 1.035778e+04 1.034017e+04 1.038595e+04 1.040355e+04
4.5 1.025509e+04 1.028228e+04 1.032844e+04 1.030125e+04
5.5 1.035158e+04 1.023802e+04 1.028457e+04 1.039813e+04
6.5 1.030082e+04 1.029233e+04 1.033930e+04 1.034778e+04
7.5 1.056563e+04 1.036618e+04 1.041357e+04 1.061302e+04
8.5 1.045342e+04 1.034327e+04 1.039108e+04 1.050123e+04
9.5 1.041536e+04 1.028345e+04 1.033170e+04 1.046360e+04
10.5 1.045345e+04 1.023822e+04 1.028370e+04 1.049893e+04
0.5 1.035158e+04 1.023802e+04 1.028457e+04 1.039813e+04
1.5 1.030082e+04 1.029233e+04 1.033930e+04 1.034778e+04
2.5 1.056563e+04 1.036618e+04 1.041357e+04 1.061302e+04
3.5 1.045342e+04 1.034327e+04 1.039108e+04 1.050123e+04
4.5 1.041536e+04 1.028345e+04 1.033170e+04 1.046360e+04
5.5 1.045345e+04 1.023822e+04 1.028370e+04 1.049893e+04
6.5 1.043306e+04 1.029174e+04 1.025578e+04 1.039711e+04
7.5 1.036700e+04 1.036531e+04 1.024254e+04 1.024422e+04
8.5 1.043455e+04 1.034248e+04 1.023693e+04 1.032900e+04
9.5 1.034752e+04 1.028289e+04 1.023489e+04 1.029952e+04
10.5 1.040698e+04 1.023464e+04 1.023434e+04 1.040668e+04
0.5 1.006594e+04 1.023833e+04 1.024204e+04 1.006965e+04
1.5 1.029591e+04 1.029242e+04 1.032461e+04 1.032810e+04
2.5 1.040183e+04 1.036653e+04 1.041256e+04 1.044786e+04
3.5 1.020221e+04 1.034385e+04 1.039609e+04 1.025446e+04
4.5 1.019251e+04 1.028427e+04 1.033916e+04 1.024739e+04
5.5 1.020490e+04 1.023610e+04 1.029211e+04 1.026092e+04
6.5 1.018354e+04 1.021124e+04 1.026792e+04 1.024022e+04
7.5 1.025684e+04 1.028000e+04 1.033681e+04 1.031365e+04
8.5 1.028942e+04 1.036179e+04 1.041872e+04 1.034634e+04
9.5 1.031352e+04 1.034274e+04 1.039976e+04 1.037053e+04
10.5 1.012791e+04 1.028475e+04 1.034183e+04 1.018499e+04
0.5 1.018354e+04 1.021124e+04 1.026792e+04 1.024022e+04
1.5 1.025684e+04 1.028000e+04 1.033681e+04 1.031365e+04
2.5 1.028942e+04 1.036179e+04 1.041872e+04 1.034634e+04
3.5 1.031352e+04 1.034274e+04 1.039976e+04 1.037053e+04
4.5 1.012791e+04 1.028475e+04 1.034183e+04 1.018499e+04
5.5 1.019610e+04 1.023710e+04 1.029421e+04 1.025321e+04
6.5 1.029788e+04 1.021286e+04 1.026677e+04 1.035179e+04
7.5 1.026965e+04 1.028146e+04 1.025346e+04 1.024165e+04
8.5 1.040421e+04 1.036308e+04 1.024777e+04 1.028890e+04
9.5 1.038631e+04 1.034420e+04 1.024561e+04 1.028771e+04
10.5 1.029525e+04 1.028652e+04 1.024492e+04 1.025365e+04
0.5 1.031373e+04 1.020899e+04 1.024917e+04 1.035390e+04
1.5 1.019458e+04 1.028589e+04 1.033123e+04 1.023992e+04
2.5 1.039705e+04 1.037174e+04 1.041866e+04 1.044396e+04
3.5 1.022449e+04 1.035470e+04 1.040165e+04 1.027144e+04
4.5 1.013837e+04 1.029765e+04 1.034418e+04 1.018490e+04
5.5 1.029217e+04 1.025103e+04 1.029657e+04 1.033772e+04
6.5 1.021659e+04 1.022406e+04 1.026860e+04 1.026113e+04
7.5 1.024128e+04 1.021447e+04 1.025474e+04 1.028155e+04
8.5 1.021193e+04 1.029123e+04 1.024849e+04 1.016919e+04
9.5 1.033954e+04 1.037694e+04 1.024576e+04 1.020836e+04
10.5 1.032459e+04 1.036013e+04 1.024450e+04 1.020896e+04
0.5 1.023352e+04 1.022104e+04 1.024542e+04 1.025790e+04
1.5 1.033813e+04 1.029827e+04 1.032705e+04 1.036692e+04
2.5 1.047031e+04 1.038448e+04 1.041408e+04 1.049991e+04
3.5 1.040653e+04 1.036782e+04 1.039669e+04 1.043540e+04
4.5 1.022717e+04 1.031118e+04 1.033883e+04 1.025482e+04
5.5 1.023385e+04 1.026491e+04 1.029076e+04 1.025970e+04
6.5 1.021711e+04 1.023825e+04 1.026224e+04 1.024110e+04
7.5 1.022871e+04 1.022578e+04 1.024785e+04 1.025077e+04
