9.492487e+03 9.492069e+03 9.477713e+03 9.506843e+03
9.475583e+03 9.541211e+03 9.526020e+03 9.490773e+03
9.549781e+03 9.593515e+03 9.577524e+03 9.565773e+03
9.589012e+03 9.584840e+03 9.568085e+03 9.605767e+03
9.566712e+03 9.552485e+03 9.535005e+03 9.584192e+03
9.523091e+03 9.527716e+03 9.509548e+03 9.541259e+03
9.570193e+03 9.560438e+03 9.541619e+03 9.589012e+03
9.619577e+03 9.604519e+03 9.585084e+03 9.639012e+03
9.567712e+03 9.592127e+03 9.572111e+03 9.587728e+03
9.520869e+03 9.558194e+03 9.537631e+03 9.541433e+03
9.475766e+03 9.530864e+03 9.511176e+03 9.495453e+03
9.528970e+03 9.515198e+03 9.530629e+03 9.513540e+03
9.563716e+03 9.508050e+03 9.560962e+03 9.510804e+03
9.564651e+03 9.505339e+03 9.550517e+03 9.519473e+03
9.521042e+03 9.504682e+03 9.524623e+03 9.501101e+03
9.502059e+03 9.504858e+03 9.505268e+03 9.501649e+03
9.549358e+03 9.505238e+03 9.528873e+03 9.525723e+03
9.590586e+03 9.505887e+03 9.561236e+03 9.535237e+03
9.589529e+03 9.506505e+03 9.551664e+03 9.544370e+03
9.588977e+03 9.507094e+03 9.526098e+03 9.569973e+03
9.526827e+03 9.509530e+03 9.507332e+03 9.529025e+03
9.526274e+03 9.558007e+03 9.543323e+03 9.540958e+03
9.562993e+03 9.609602e+03 9.588806e+03 9.583788e+03
9.545241e+03 9.600246e+03 9.576666e+03 9.568822e+03
9.507620e+03 9.567260e+03 9.542453e+03 9.532427e+03
9.472335e+03 9.540025e+03 9.514655e+03 9.497706e+03
9.483734e+03 9.524241e+03 9.499894e+03 9.508081e+03
9.529482e+03 9.516688e+03 9.527815e+03 9.518354e+03
9.586173e+03 9.513570e+03 9.562520e+03 9.537223e+03
9.558831e+03 9.512503e+03 9.554042e+03 9.517291e+03
9.480661e+03 9.512284e+03 9.528895e+03 9.464050e+03
9.460978e+03 9.512288e+03 9.508270e+03 9.464996e+03
9.485921e+03 9.512576e+03 9.497853e+03 9.500644e+03
9.541760e+03 9.512846e+03 9.527767e+03 9.526838e+03
9.565536e+03 9.513097e+03 9.563317e+03 9.515316e+03
9.568480e+03 9.513330e+03 9.555151e+03 9.526658e+03
9.507093e+03 9.513541e+03 9.530088e+03 9.490546e+03
9.502712e+03 9.513729e+03 9.509480e+03 9.506961e+03
9.518901e+03 9.515772e+03 9.499483e+03 9.535190e+03
9.555882e+03 9.563866e+03 9.541674e+03 9.578074e+03
9.600537e+03 9.615087e+03 9.590310e+03 9.625315e+03
9.603660e+03 9.605366e+03 9.579549e+03 9.629478e+03
9.522760e+03 9.572018e+03 9.545813e+03 9.548964e+03
9.507297e+03 9.544420e+03 9.518017e+03 9.533700e+03
9.488553e+03 9.528277e+03 9.503302e+03 9.513528e+03
9.505177e+03 9.520375e+03 9.531043e+03 9.494509e+03
9.544954e+03 9.516916e+03 9.565569e+03 9.496301e+03
9.502454e+03 9.515515e+03 9.556911e+03 9.461057e+03
9.448326e+03 9.514969e+03 9.531585e+03 9.431711e+03
9.438647e+03 9.514654e+03 9.510777e+03 9.442525e+03
9.464619e+03 9.514632e+03 9.498781e+03 9.480471e+03
9.470204e+03 9.516470e+03 9.494778e+03 9.491896e+03
9.518975e+03 9.564360e+03 9.540145e+03 9.543190e+03
9.571635e+03 9.615379e+03 9.590186e+03 9.596828e+03
9.573490e+03 9.605460e+03 9.579941e+03 9.599008e+03
9.526105e+03 9.571921e+03 9.546264e+03 9.551761e+03
9.516461e+03 9.544136e+03 9.518574e+03 9.542023e+03
9.489055e+03 9.527802e+03 9.502340e+03 9.514517e+03
9.500187e+03 9.519710e+03 9.495743e+03 9.524154e+03
9.509658e+03 9.516066e+03 9.527811e+03 9.497913e+03
9.620287e+03 9.514487e+03 9.564280e+03 9.570493e+03
9.572364e+03 9.513769e+03 9.556371e+03 9.529762e+03
9.527743e+03 9.513288e+03 9.531171e+03 9.509860e+03
9.508439e+03 9.513104e+03 9.510556e+03 9.510987e+03
9.499339e+03 9.512912e+03 9.498449e+03 9.513803e+03
9.486341e+03 9.512712e+03 9.493859e+03 9.505195e+03
9.495208e+03 9.512505e+03 9.526788e+03 9.480926e+03
9.556444e+03 9.512291e+03 9.563589e+03 9.505146e+03
9.569370e+03 9.512070e+03 9.555790e+03 9.525650e+03
9.531860e+03 9.511845e+03 9.530641e+03 9.513063e+03
9.545220e+03 9.511614e+03 9.511399e+03 9.545435e+03
9.591263e+03 9.511372e+03 9.534877e+03 9.567758e+03
9.652136e+03 9.511126e+03 9.566817e+03 9.596445e+03
9.635714e+03 9.510876e+03 9.556821e+03 9.589769e+03
9.610694e+03 9.510623e+03 9.530832e+03 9.590485e+03
9.606433e+03 9.512242e+03 9.511652e+03 9.607023e+03
9.606021e+03 9.559924e+03 9.547234e+03 9.618712e+03
9.629379e+03 9.610757e+03 9.592326e+03 9.647809e+03
9.619171e+03 9.600670e+03 9.579813e+03 9.640029e+03
9.596544e+03 9.566975e+03 9.545231e+03 9.618289e+03
9.578051e+03 9.539050e+03 9.517067e+03 9.600034e+03
9.564634e+03 9.522594e+03 9.500557e+03 9.586671e+03
9.525876e+03 9.516274e+03 9.494412e+03 9.547737e+03
9.550820e+03 9.560486e+03 9.538802e+03 9.572505e+03
9.591562e+03 9.609914e+03 9.588408e+03 9.613068e+03
9.566723e+03 9.599285e+03 9.577959e+03 9.588050e+03
9.553842e+03 9.565297e+03 9.544151e+03 9.574988e+03
9.510159e+03 9.539268e+03 9.518308e+03 9.531120e+03
9.517095e+03 9.570785e+03 9.550016e+03 9.537865e+03
9.543447e+03 9.613708e+03 9.593127e+03 9.564028e+03
9.527863e+03 9.600170e+03 9.579772e+03 9.548261e+03
9.498822e+03 9.565108e+03 9.544889e+03 9.519041e+03
9.477999e+03 9.536701e+03 9.518054e+03 9.496645e+03
9.530625e+03 9.520023e+03 9.537162e+03 9.513487e+03
9.571649e+03 9.511919e+03 9.567172e+03 9.516396e+03
9.534982e+03 9.508284e+03 9.556400e+03 9.486866e+03
9.521594e+03 9.506734e+03 9.530177e+03 9.498151e+03
9.544862e+03 9.506075e+03 9.509128e+03 9.541809e+03
9.528520e+03 9.505681e+03 9.498252e+03 9.535949e+03
9.531006e+03 9.505606e+03 9.528032e+03 9.508581e+03
9.497041e+03 9.505542e+03 9.563463e+03 9.439121e+03
9.451090e+03 9.505491e+03 9.555194e+03 9.401386e+03
9.417267e+03 9.505454e+03 9.530053e+03 9.392669e+03
9.447124e+03 9.505435e+03 9.509398e+03 9.443161e+03
9.482576e+03 9.507308e+03 9.499381e+03 9.490503e+03
9.491896e+03 9.555266e+03 9.541571e+03 9.505591e+03
9.562966e+03 9.606386e+03 9.590224e+03 9.579128e+03
9.625353e+03 9.596601e+03 9.579501e+03 9.642453e+03
9.603794e+03 9.563229e+03 9.545831e+03 9.621193e+03
9.575358e+03 9.535653e+03 9.518134e+03 9.592877e+03
9.538858e+03 9.521444e+03 9.504027e+03 9.556275e+03
9.586138e+03 9.561577e+03 9.544253e+03 9.603462e+03
9.637212e+03 9.609333e+03 9.592091e+03 9.654454e+03
9.612883e+03 9.598256e+03 9.581087e+03 9.630052e+03
9.555430e+03 9.564466e+03 9.547362e+03 9.572534e+03
9.534213e+03 9.536721e+03 9.519672e+03 9.551261e+03
9.527285e+03 9.522652e+03 9.505651e+03 9.544286e+03
9.559210e+03 9.562925e+03 9.545963e+03 9.576172e+03
9.608594e+03 9.610821e+03 9.593889e+03 9.625526e+03
9.596805e+03 9.599887e+03 9.582975e+03 9.613717e+03
9.550287e+03 9.566244e+03 9.549342e+03 9.567189e+03
9.515284e+03 9.538647e+03 9.521743e+03 9.532188e+03
9.508918e+03 9.522857e+03 9.505937e+03 9.525838e+03
9.506127e+03 9.515348e+03 9.499792e+03 9.521684e+03
9.481686e+03 9.512325e+03 9.532332e+03 9.461679e+03
9.522569e+03 9.511402e+03 9.569296e+03 9.464674e+03
9.505846e+03 9.511378e+03 9.561904e+03 9.455320e+03
9.470397e+03 9.511628e+03 9.537246e+03 9.444779e+03
9.476316e+03 9.512205e+03 9.517191e+03 9.471330e+03
9.486380e+03 9.512798e+03 9.505661e+03 9.493517e+03
9.494966e+03 9.515295e+03 9.502152e+03 9.508108e+03
9.538005e+03 9.563895e+03 9.548045e+03 9.553855e+03
9.601006e+03 9.615679e+03 9.598647e+03 9.618038e+03
9.586261e+03 9.606573e+03 9.588994e+03 9.603840e+03
9.534274e+03 9.573897e+03 9.555941e+03 9.552230e+03
9.508628e+03 9.547030e+03 9.528895e+03 9.526763e+03
9.535323e+03 9.531669e+03 9.513321e+03 9.553671e+03
9.545805e+03 9.524597e+03 9.507416e+03 9.562986e+03
9.585314e+03 9.522016e+03 9.540212e+03 9.567117e+03
9.616224e+03 9.521540e+03 9.577450e+03 9.560315e+03
9.594871e+03 9.521971e+03 9.570344e+03 9.546498e+03
9.533680e+03 9.522682e+03 9.545980e+03 9.510381e+03
9.528760e+03 9.523736e+03 9.526206e+03 9.526290e+03
9.530512e+03 9.524826e+03 9.514936e+03 9.540403e+03
9.521992e+03 9.525954e+03 9.509824e+03 9.538121e+03
9.514758e+03 9.527119e+03 9.508075e+03 9.533802e+03
