1.055673e+04 1.062018e+04 1.058981e+04 1.058710e+04
1.069218e+04 1.071732e+04 1.068518e+04 1.072431e+04
1.082242e+04 1.082071e+04 1.078688e+04 1.085624e+04
1.077526e+04 1.080356e+04 1.076812e+04 1.081070e+04
1.073323e+04 1.073960e+04 1.070263e+04 1.077020e+04
1.066287e+04 1.069064e+04 1.065221e+04 1.070130e+04
1.079136e+04 1.075532e+04 1.071551e+04 1.083117e+04
1.077921e+04 1.084246e+04 1.080135e+04 1.082032e+04
1.079947e+04 1.081796e+04 1.077562e+04 1.084181e+04
1.063340e+04 1.075089e+04 1.070739e+04 1.067690e+04
1.045948e+04 1.069686e+04 1.065522e+04 1.050112e+04
1.066794e+04 1.066590e+04 1.069854e+04 1.063530e+04
1.086357e+04 1.065177e+04 1.076369e+04 1.075165e+04
1.061529e+04 1.064641e+04 1.074197e+04 1.051973e+04
1.072810e+04 1.064511e+04 1.068729e+04 1.068592e+04
1.059982e+04 1.064546e+04 1.064632e+04 1.059896e+04
1.082713e+04 1.064621e+04 1.069620e+04 1.077713e+04
1.085114e+04 1.064749e+04 1.076457e+04 1.073406e+04
1.075118e+04 1.064871e+04 1.074423e+04 1.065566e+04
1.075282e+04 1.064988e+04 1.069007e+04 1.071262e+04
1.060647e+04 1.065469e+04 1.065004e+04 1.061112e+04
1.067601e+04 1.075052e+04 1.071946e+04 1.070707e+04
1.072919e+04 1.085251e+04 1.080852e+04 1.077318e+04
1.078385e+04 1.083401e+04 1.078413e+04 1.083373e+04
1.069908e+04 1.076881e+04 1.071633e+04 1.075155e+04
1.066771e+04 1.071497e+04 1.066131e+04 1.072138e+04
1.067866e+04 1.068377e+04 1.063227e+04 1.073016e+04
1.074357e+04 1.066884e+04 1.069238e+04 1.072003e+04
1.084795e+04 1.066268e+04 1.076622e+04 1.074441e+04
1.082973e+04 1.066057e+04 1.074843e+04 1.074186e+04
1.066408e+04 1.066013e+04 1.069527e+04 1.062895e+04
1.056012e+04 1.066014e+04 1.065164e+04 1.056861e+04
1.062297e+04 1.066071e+04 1.062957e+04 1.065411e+04
1.076752e+04 1.066124e+04 1.069281e+04 1.073596e+04
1.084126e+04 1.066174e+04 1.076797e+04 1.073503e+04
1.072086e+04 1.066220e+04 1.075066e+04 1.063240e+04
1.059147e+04 1.066262e+04 1.069762e+04 1.055647e+04
1.061074e+04 1.066299e+04 1.065400e+04 1.061973e+04
1.065951e+04 1.066703e+04 1.063257e+04 1.069397e+04
1.068902e+04 1.076210e+04 1.071516e+04 1.073597e+04
1.081732e+04 1.086335e+04 1.081094e+04 1.086973e+04
1.078480e+04 1.084413e+04 1.078952e+04 1.083941e+04
1.077339e+04 1.077821e+04 1.072278e+04 1.082882e+04
1.064119e+04 1.072366e+04 1.066781e+04 1.069704e+04
1.066963e+04 1.069175e+04 1.063892e+04 1.072246e+04
1.062704e+04 1.067613e+04 1.069869e+04 1.060448e+04
1.069142e+04 1.066929e+04 1.077220e+04 1.058851e+04
1.082571e+04 1.066652e+04 1.075409e+04 1.073815e+04
1.056103e+04 1.066544e+04 1.070059e+04 1.052588e+04
1.053403e+04 1.066482e+04 1.065662e+04 1.054223e+04
1.052206e+04 1.066478e+04 1.063125e+04 1.055559e+04
1.075274e+04 1.066841e+04 1.062253e+04 1.079863e+04
1.077886e+04 1.076307e+04 1.071185e+04 1.083009e+04
1.076964e+04 1.086393e+04 1.081064e+04 1.082293e+04
1.077182e+04 1.084432e+04 1.079034e+04 1.082579e+04
1.072312e+04 1.077802e+04 1.072375e+04 1.077740e+04
1.057723e+04 1.072310e+04 1.066903e+04 1.063130e+04
1.065259e+04 1.069081e+04 1.063695e+04 1.070645e+04
1.067404e+04 1.067481e+04 1.062412e+04 1.072473e+04
1.066830e+04 1.066761e+04 1.069245e+04 1.064346e+04
1.078573e+04 1.066449e+04 1.076982e+04 1.068040e+04
1.067189e+04 1.066307e+04 1.075318e+04 1.058177e+04
1.062354e+04 1.066212e+04 1.069995e+04 1.058571e+04
1.058342e+04 1.066176e+04 1.065637e+04 1.058881e+04
1.060102e+04 1.066138e+04 1.063078e+04 1.063162e+04
1.067729e+04 1.066098e+04 1.062110e+04 1.071718e+04
1.061799e+04 1.066057e+04 1.069078e+04 1.058778e+04
1.087536e+04 1.066015e+04 1.076866e+04 1.076685e+04
1.090488e+04 1.065971e+04 1.075219e+04 1.081240e+04
1.057688e+04 1.065927e+04 1.069903e+04 1.053712e+04
1.062465e+04 1.065881e+04 1.065836e+04 1.062510e+04
1.078048e+04 1.065833e+04 1.070805e+04 1.073076e+04
1.083529e+04 1.065784e+04 1.077565e+04 1.071749e+04
1.090158e+04 1.065735e+04 1.075454e+04 1.080439e+04
1.080316e+04 1.065685e+04 1.069960e+04 1.076041e+04
1.079726e+04 1.066005e+04 1.065880e+04 1.079851e+04
1.074766e+04 1.075431e+04 1.072746e+04 1.077451e+04
1.085503e+04 1.085479e+04 1.081580e+04 1.089401e+04
1.089579e+04 1.083485e+04 1.079073e+04 1.093991e+04
1.072116e+04 1.076825e+04 1.072225e+04 1.076716e+04
1.079723e+04 1.071304e+04 1.066654e+04 1.084373e+04
1.071475e+04 1.068051e+04 1.063390e+04 1.076136e+04
1.078922e+04 1.066802e+04 1.062178e+04 1.083547e+04
1.074849e+04 1.075542e+04 1.070955e+04 1.079436e+04
1.085612e+04 1.085312e+04 1.080763e+04 1.090161e+04
1.082746e+04 1.083211e+04 1.078700e+04 1.087257e+04
1.075853e+04 1.076493e+04 1.072020e+04 1.080326e+04
1.067635e+04 1.071348e+04 1.066914e+04 1.072069e+04
1.075664e+04 1.077578e+04 1.073184e+04 1.080057e+04
1.080961e+04 1.086062e+04 1.081709e+04 1.085314e+04
1.074521e+04 1.083386e+04 1.079072e+04 1.078836e+04
1.059890e+04 1.076455e+04 1.072179e+04 1.064167e+04
1.064984e+04 1.070840e+04 1.066896e+04 1.068928e+04
1.084137e+04 1.067543e+04 1.071169e+04 1.080512e+04
1.080747e+04 1.065941e+04 1.077629e+04 1.069059e+04
1.076337e+04 1.065223e+04 1.075401e+04 1.066159e+04
1.057889e+04 1.064916e+04 1.069875e+04 1.052931e+04
1.079584e+04 1.064786e+04 1.065432e+04 1.078938e+04
1.064107e+04 1.064708e+04 1.063137e+04 1.065679e+04
1.060669e+04 1.064693e+04 1.069437e+04 1.055925e+04
1.069391e+04 1.064681e+04 1.076932e+04 1.057140e+04
1.056724e+04 1.064671e+04 1.075184e+04 1.046210e+04
1.042395e+04 1.064663e+04 1.069867e+04 1.037192e+04
1.045752e+04 1.064660e+04 1.065498e+04 1.044914e+04
1.067010e+04 1.065030e+04 1.063353e+04 1.068687e+04
1.068057e+04 1.074510e+04 1.071613e+04 1.070954e+04
1.072204e+04 1.084615e+04 1.081196e+04 1.075623e+04
1.081210e+04 1.082681e+04 1.079064e+04 1.084827e+04
1.078929e+04 1.076084e+04 1.072404e+04 1.082609e+04
1.079243e+04 1.070633e+04 1.066927e+04 1.082948e+04
1.079203e+04 1.067824e+04 1.064140e+04 1.082887e+04
1.068739e+04 1.075758e+04 1.072093e+04 1.072403e+04
1.085989e+04 1.085198e+04 1.081550e+04 1.089636e+04
1.080278e+04 1.083008e+04 1.079376e+04 1.083910e+04
1.067405e+04 1.076329e+04 1.072711e+04 1.071023e+04
1.062942e+04 1.070844e+04 1.067238e+04 1.066548e+04
1.070748e+04 1.068063e+04 1.064467e+04 1.074344e+04
1.064310e+04 1.076024e+04 1.072436e+04 1.067898e+04
1.077627e+04 1.085492e+04 1.081910e+04 1.081209e+04
1.087481e+04 1.083330e+04 1.079753e+04 1.091058e+04
1.079643e+04 1.076680e+04 1.073105e+04 1.083218e+04
1.064801e+04 1.071225e+04 1.067649e+04 1.068377e+04
1.056327e+04 1.068103e+04 1.064524e+04 1.059906e+04
1.052621e+04 1.066619e+04 1.063329e+04 1.055912e+04
1.061378e+04 1.066022e+04 1.070253e+04 1.057147e+04
1.067314e+04 1.065839e+04 1.078085e+04 1.055068e+04
1.065755e+04 1.065834e+04 1.076522e+04 1.055067e+04
1.058219e+04 1.065884e+04 1.071303e+04 1.052800e+04
1.057800e+04 1.065998e+04 1.067053e+04 1.056746e+04
1.064919e+04 1.066115e+04 1.064605e+04 1.066429e+04
1.075278e+04 1.066609e+04 1.063829e+04 1.078058e+04
1.072239e+04 1.076216e+04 1.072863e+04 1.075592e+04
1.085744e+04 1.086452e+04 1.082849e+04 1.089347e+04
1.084291e+04 1.084652e+04 1.080934e+04 1.088009e+04
1.069330e+04 1.078193e+04 1.074395e+04 1.073129e+04
1.067048e+04 1.072882e+04 1.069046e+04 1.070884e+04
1.067941e+04 1.069845e+04 1.065964e+04 1.071822e+04
1.072282e+04 1.068447e+04 1.064813e+04 1.075917e+04
1.079850e+04 1.067937e+04 1.071786e+04 1.076001e+04
1.086296e+04 1.067843e+04 1.079670e+04 1.074469e+04
1.079878e+04 1.067928e+04 1.078160e+04 1.069646e+04
1.071600e+04 1.068069e+04 1.072997e+04 1.066671e+04
1.074172e+04 1.068277e+04 1.068800e+04 1.073649e+04
1.069899e+04 1.068493e+04 1.066401e+04 1.071991e+04
1.069455e+04 1.068716e+04 1.065304e+04 1.072867e+04
1.064427e+04 1.068946e+04 1.064918e+04 1.068455e+04
