1.030904e+04 1.028458e+04 1.028079e+04 1.031283e+04
1.028725e+04 1.030256e+04 1.030645e+04 1.028337e+04
1.036262e+04 1.032171e+04 1.033375e+04 1.035058e+04
1.034633e+04 1.031845e+04 1.032934e+04 1.033544e+04
1.028029e+04 1.030649e+04 1.031262e+04 1.027416e+04
1.025248e+04 1.029731e+04 1.029984e+04 1.024996e+04
1.035143e+04 1.030928e+04 1.031694e+04 1.034377e+04
1.037145e+04 1.032543e+04 1.033994e+04 1.035694e+04
1.036289e+04 1.032082e+04 1.033358e+04 1.035013e+04
1.028717e+04 1.030829e+04 1.031601e+04 1.027945e+04
1.028520e+04 1.029832e+04 1.030168e+04 1.028184e+04
1.035152e+04 1.029595e+04 1.028876e+04 1.035871e+04
1.033931e+04 1.029693e+04 1.027994e+04 1.035630e+04
1.022556e+04 1.029518e+04 1.027958e+04 1.024116e+04
1.029401e+04 1.029251e+04 1.028267e+04 1.030385e+04
1.026922e+04 1.029070e+04 1.028542e+04 1.027450e+04
1.028182e+04 1.029307e+04 1.028246e+04 1.029244e+04
1.024859e+04 1.029637e+04 1.027848e+04 1.026648e+04
1.028224e+04 1.029561e+04 1.028019e+04 1.029766e+04
1.025245e+04 1.029331e+04 1.028406e+04 1.026171e+04
1.029691e+04 1.029217e+04 1.028821e+04 1.030086e+04
1.030789e+04 1.030878e+04 1.031511e+04 1.030156e+04
1.032949e+04 1.032716e+04 1.034277e+04 1.031389e+04
1.024521e+04 1.032346e+04 1.033828e+04 1.023038e+04
1.027919e+04 1.031121e+04 1.032130e+04 1.026910e+04
1.029868e+04 1.030115e+04 1.030722e+04 1.029261e+04
1.031504e+04 1.029544e+04 1.029887e+04 1.031161e+04
1.033129e+04 1.029608e+04 1.029012e+04 1.033725e+04
1.025856e+04 1.029857e+04 1.028335e+04 1.027378e+04
1.028010e+04 1.029747e+04 1.028380e+04 1.029377e+04
1.028726e+04 1.029499e+04 1.028708e+04 1.029517e+04
1.033281e+04 1.029300e+04 1.028989e+04 1.033593e+04
1.031083e+04 1.029208e+04 1.029150e+04 1.031142e+04
1.038035e+04 1.029503e+04 1.028760e+04 1.038778e+04
1.027477e+04 1.029852e+04 1.028293e+04 1.029037e+04
1.028942e+04 1.029780e+04 1.028419e+04 1.030303e+04
1.026069e+04 1.029544e+04 1.028774e+04 1.026839e+04
1.029567e+04 1.029351e+04 1.029067e+04 1.029851e+04
1.031049e+04 1.029310e+04 1.029337e+04 1.031022e+04
1.034356e+04 1.031022e+04 1.031918e+04 1.033460e+04
1.031640e+04 1.032880e+04 1.034616e+04 1.029903e+04
1.031078e+04 1.032512e+04 1.034125e+04 1.029465e+04
1.035418e+04 1.031283e+04 1.032396e+04 1.034304e+04
1.030389e+04 1.030266e+04 1.030964e+04 1.029691e+04
1.027279e+04 1.029686e+04 1.030106e+04 1.026860e+04
1.032821e+04 1.029739e+04 1.029210e+04 1.033351e+04
1.026293e+04 1.029978e+04 1.028513e+04 1.027758e+04
1.028401e+04 1.029856e+04 1.028539e+04 1.029719e+04
1.027340e+04 1.029598e+04 1.028848e+04 1.028090e+04
1.024997e+04 1.029389e+04 1.029110e+04 1.025276e+04
1.029560e+04 1.029273e+04 1.029272e+04 1.029561e+04
1.031820e+04 1.029284e+04 1.029447e+04 1.031657e+04
1.034967e+04 1.031020e+04 1.031971e+04 1.034016e+04
1.038802e+04 1.032887e+04 1.034637e+04 1.037051e+04
1.034492e+04 1.032519e+04 1.034126e+04 1.032885e+04
1.032292e+04 1.031284e+04 1.032384e+04 1.031193e+04
1.034708e+04 1.030264e+04 1.030938e+04 1.034034e+04
1.035852e+04 1.029664e+04 1.030087e+04 1.035429e+04
1.029913e+04 1.029381e+04 1.029646e+04 1.029648e+04
1.043660e+04 1.029591e+04 1.028971e+04 1.044281e+04
1.031186e+04 1.029899e+04 1.028371e+04 1.032714e+04
1.020822e+04 1.029804e+04 1.028431e+04 1.022194e+04
1.017996e+04 1.029548e+04 1.028743e+04 1.018801e+04
1.027331e+04 1.029345e+04 1.029011e+04 1.027665e+04
1.026725e+04 1.029223e+04 1.029164e+04 1.026784e+04
1.024541e+04 1.029173e+04 1.029213e+04 1.024501e+04
1.027967e+04 1.029485e+04 1.028751e+04 1.028700e+04
1.029558e+04 1.029833e+04 1.028236e+04 1.031155e+04
1.021175e+04 1.029752e+04 1.028328e+04 1.022599e+04
1.027724e+04 1.029504e+04 1.028655e+04 1.028572e+04
1.035223e+04 1.029312e+04 1.028902e+04 1.035633e+04
1.034236e+04 1.029532e+04 1.028567e+04 1.035201e+04
1.035193e+04 1.029832e+04 1.028116e+04 1.036909e+04
1.028557e+04 1.029729e+04 1.028235e+04 1.030051e+04
1.025282e+04 1.029472e+04 1.028573e+04 1.026181e+04
1.027160e+04 1.029332e+04 1.028940e+04 1.027552e+04
1.034846e+04 1.030968e+04 1.031584e+04 1.034230e+04
1.037671e+04 1.032782e+04 1.034305e+04 1.036148e+04
1.036256e+04 1.032387e+04 1.033813e+04 1.034831e+04
1.029708e+04 1.031140e+04 1.032073e+04 1.028775e+04
1.033877e+04 1.030111e+04 1.030625e+04 1.033363e+04
1.040594e+04 1.029506e+04 1.029770e+04 1.040330e+04
1.026917e+04 1.029275e+04 1.029439e+04 1.026754e+04
1.027799e+04 1.030902e+04 1.031735e+04 1.026966e+04
1.034208e+04 1.032721e+04 1.034303e+04 1.032626e+04
1.036143e+04 1.032332e+04 1.033748e+04 1.034727e+04
1.033667e+04 1.031084e+04 1.031978e+04 1.032774e+04
1.031900e+04 1.030129e+04 1.030622e+04 1.031407e+04
1.033335e+04 1.031290e+04 1.032258e+04 1.032366e+04
1.031410e+04 1.032869e+04 1.034487e+04 1.029792e+04
1.024212e+04 1.032374e+04 1.033781e+04 1.022805e+04
1.024036e+04 1.031086e+04 1.031956e+04 1.023167e+04
1.031842e+04 1.030057e+04 1.030457e+04 1.031442e+04
1.030099e+04 1.029788e+04 1.029103e+04 1.030784e+04
1.027603e+04 1.029857e+04 1.028163e+04 1.029297e+04
1.027172e+04 1.029655e+04 1.028071e+04 1.028756e+04
1.031594e+04 1.029361e+04 1.028326e+04 1.032628e+04
1.027179e+04 1.029140e+04 1.028570e+04 1.027749e+04
1.022768e+04 1.029025e+04 1.028692e+04 1.023101e+04
1.031962e+04 1.029309e+04 1.028282e+04 1.032990e+04
1.019180e+04 1.029649e+04 1.027795e+04 1.021034e+04
1.026479e+04 1.029568e+04 1.027904e+04 1.028143e+04
1.026728e+04 1.029325e+04 1.028244e+04 1.027808e+04
1.031629e+04 1.029125e+04 1.028524e+04 1.032231e+04
1.029622e+04 1.029080e+04 1.028783e+04 1.029919e+04
1.032613e+04 1.030787e+04 1.031355e+04 1.032045e+04
1.031915e+04 1.032643e+04 1.034046e+04 1.030512e+04
1.039987e+04 1.032274e+04 1.033550e+04 1.038711e+04
1.031824e+04 1.031044e+04 1.031820e+04 1.031049e+04
1.026755e+04 1.030029e+04 1.030388e+04 1.026397e+04
1.024068e+04 1.029508e+04 1.029647e+04 1.023928e+04
1.036009e+04 1.030984e+04 1.031733e+04 1.035261e+04
1.036964e+04 1.032741e+04 1.034214e+04 1.035490e+04
1.031342e+04 1.032334e+04 1.033637e+04 1.030038e+04
1.031361e+04 1.031093e+04 1.031880e+04 1.030574e+04
1.031191e+04 1.030073e+04 1.030437e+04 1.030828e+04
1.029552e+04 1.029556e+04 1.029705e+04 1.029404e+04
1.033524e+04 1.031037e+04 1.031798e+04 1.032764e+04
1.034362e+04 1.032798e+04 1.034288e+04 1.032873e+04
1.029020e+04 1.032397e+04 1.033719e+04 1.027698e+04
1.032913e+04 1.031160e+04 1.031970e+04 1.032103e+04
1.023526e+04 1.030145e+04 1.030535e+04 1.023137e+04
1.024489e+04 1.029565e+04 1.029714e+04 1.024340e+04
1.025159e+04 1.029302e+04 1.029305e+04 1.025156e+04
1.028610e+04 1.029533e+04 1.028664e+04 1.029479e+04
1.029265e+04 1.029864e+04 1.028100e+04 1.031029e+04
1.023049e+04 1.029792e+04 1.028199e+04 1.024642e+04
1.023494e+04 1.029561e+04 1.028551e+04 1.024505e+04
1.030753e+04 1.029384e+04 1.028862e+04 1.031274e+04
1.029147e+04 1.029289e+04 1.029058e+04 1.029378e+04
1.028205e+04 1.029323e+04 1.029270e+04 1.028259e+04
1.027065e+04 1.031084e+04 1.031833e+04 1.026316e+04
1.035616e+04 1.032976e+04 1.034541e+04 1.034050e+04
1.036052e+04 1.032636e+04 1.034075e+04 1.034613e+04
1.037941e+04 1.031431e+04 1.032382e+04 1.036990e+04
1.028507e+04 1.030442e+04 1.030987e+04 1.027961e+04
1.032957e+04 1.029875e+04 1.030192e+04 1.032640e+04
1.034503e+04 1.029626e+04 1.029808e+04 1.034321e+04
1.040101e+04 1.029872e+04 1.029192e+04 1.040781e+04
1.033749e+04 1.030217e+04 1.028654e+04 1.035312e+04
1.031223e+04 1.030161e+04 1.028779e+04 1.032604e+04
1.033916e+04 1.029945e+04 1.029157e+04 1.034704e+04
1.026512e+04 1.029784e+04 1.029496e+04 1.026800e+04
1.031084e+04 1.029705e+04 1.029721e+04 1.031068e+04
1.027625e+04 1.029686e+04 1.029864e+04 1.027447e+04
1.020498e+04 1.029701e+04 1.029965e+04 1.020235e+04
