9.761938e+03 9.794097e+03 9.748599e+03 9.807436e+03
9.755645e+03 9.793053e+03 9.795327e+03 9.753371e+03
9.817258e+03 9.792051e+03 9.845172e+03 9.764136e+03
9.867080e+03 9.791095e+03 9.835783e+03 9.822392e+03
9.832138e+03 9.790187e+03 9.803422e+03 9.818904e+03
9.795270e+03 9.789327e+03 9.778482e+03 9.806114e+03
9.843715e+03 9.788512e+03 9.809477e+03 9.822749e+03
9.879344e+03 9.787741e+03 9.851560e+03 9.815525e+03
9.834824e+03 9.787014e+03 9.838786e+03 9.783052e+03
9.781436e+03 9.786329e+03 9.805113e+03 9.762652e+03
9.745140e+03 9.787426e+03 9.779641e+03 9.752925e+03
9.808582e+03 9.831373e+03 9.808359e+03 9.831595e+03
9.848148e+03 9.878280e+03 9.848317e+03 9.878111e+03
9.854063e+03 9.868600e+03 9.836002e+03 9.886661e+03
9.800389e+03 9.837017e+03 9.803781e+03 9.833625e+03
9.769389e+03 9.812576e+03 9.779510e+03 9.802455e+03
9.822633e+03 9.841641e+03 9.808944e+03 9.855330e+03
9.879655e+03 9.881329e+03 9.849264e+03 9.911721e+03
9.887683e+03 9.868577e+03 9.837111e+03 9.919148e+03
9.859430e+03 9.835845e+03 9.804953e+03 9.890323e+03
9.801364e+03 9.809312e+03 9.780788e+03 9.829888e+03
9.789284e+03 9.793687e+03 9.812289e+03 9.770682e+03
9.829010e+03 9.786038e+03 9.854798e+03 9.760251e+03
9.820653e+03 9.782554e+03 9.842218e+03 9.760989e+03
9.778720e+03 9.781018e+03 9.808616e+03 9.751122e+03
9.738174e+03 9.780313e+03 9.781435e+03 9.737052e+03
9.756973e+03 9.781594e+03 9.767371e+03 9.771196e+03
9.796110e+03 9.825989e+03 9.804423e+03 9.817676e+03
9.869308e+03 9.873321e+03 9.848724e+03 9.893905e+03
9.843663e+03 9.864047e+03 9.838413e+03 9.869298e+03
9.754769e+03 9.832851e+03 9.807004e+03 9.780616e+03
9.732617e+03 9.807035e+03 9.781192e+03 9.758461e+03
9.754303e+03 9.793638e+03 9.768075e+03 9.779866e+03
9.808166e+03 9.830736e+03 9.805435e+03 9.833467e+03
9.849673e+03 9.874911e+03 9.849854e+03 9.874730e+03
9.841205e+03 9.864399e+03 9.839569e+03 9.866035e+03
9.783891e+03 9.832770e+03 9.808145e+03 9.808516e+03
9.776093e+03 9.806745e+03 9.782303e+03 9.800535e+03
9.798362e+03 9.791678e+03 9.769222e+03 9.820818e+03
9.825546e+03 9.784291e+03 9.808589e+03 9.801248e+03
9.865270e+03 9.781056e+03 9.855148e+03 9.791178e+03
9.874587e+03 9.779754e+03 9.844396e+03 9.809944e+03
9.797274e+03 9.779270e+03 9.811493e+03 9.765051e+03
9.774298e+03 9.779021e+03 9.784415e+03 9.768904e+03
9.754601e+03 9.780808e+03 9.770509e+03 9.764900e+03
9.766924e+03 9.825414e+03 9.807433e+03 9.784905e+03
9.830150e+03 9.872949e+03 9.851605e+03 9.851494e+03
9.787890e+03 9.863868e+03 9.841162e+03 9.810596e+03
9.726976e+03 9.832856e+03 9.809620e+03 9.750213e+03
9.697902e+03 9.807211e+03 9.783668e+03 9.721444e+03
9.736980e+03 9.792226e+03 9.768661e+03 9.760544e+03
9.736079e+03 9.784917e+03 9.763139e+03 9.757856e+03
9.773459e+03 9.781759e+03 9.806537e+03 9.748681e+03
9.827930e+03 9.780535e+03 9.854912e+03 9.753554e+03
9.841892e+03 9.780128e+03 9.844861e+03 9.777159e+03
9.790203e+03 9.779955e+03 9.812084e+03 9.758074e+03
9.774675e+03 9.780074e+03 9.785192e+03 9.769557e+03
9.754225e+03 9.780199e+03 9.769438e+03 9.764986e+03
9.753636e+03 9.782071e+03 9.763443e+03 9.772265e+03
9.791921e+03 9.826760e+03 9.804591e+03 9.814091e+03
9.914236e+03 9.874377e+03 9.850671e+03 9.937942e+03
9.855698e+03 9.865377e+03 9.840973e+03 9.880101e+03
9.808130e+03 9.834443e+03 9.809572e+03 9.833002e+03
9.785411e+03 9.808874e+03 9.783824e+03 9.810461e+03
9.783354e+03 9.793963e+03 9.768727e+03 9.808590e+03
9.765618e+03 9.788469e+03 9.763038e+03 9.791049e+03
9.771471e+03 9.829937e+03 9.804305e+03 9.797103e+03
9.840911e+03 9.876260e+03 9.850419e+03 9.866751e+03
9.854749e+03 9.866775e+03 9.840721e+03 9.880803e+03
9.813471e+03 9.835586e+03 9.809312e+03 9.839745e+03
9.818067e+03 9.811794e+03 9.785296e+03 9.844565e+03
9.865292e+03 9.841478e+03 9.814744e+03 9.892025e+03
9.944971e+03 9.881757e+03 9.854784e+03 9.971944e+03
9.928639e+03 9.869561e+03 9.842344e+03 9.955855e+03
9.905996e+03 9.837353e+03 9.809891e+03 9.933458e+03
9.882225e+03 9.811324e+03 9.785436e+03 9.908113e+03
9.862780e+03 9.796181e+03 9.816648e+03 9.842314e+03
9.897505e+03 9.788998e+03 9.858881e+03 9.827622e+03
9.885068e+03 9.785961e+03 9.846038e+03 9.824990e+03
9.851309e+03 9.784851e+03 9.812172e+03 9.823988e+03
9.839334e+03 9.784553e+03 9.784726e+03 9.839161e+03
9.830027e+03 9.784485e+03 9.768661e+03 9.845852e+03
9.785944e+03 9.784705e+03 9.762736e+03 9.807912e+03
9.808240e+03 9.784926e+03 9.805939e+03 9.787228e+03
9.842671e+03 9.785150e+03 9.854213e+03 9.773608e+03
9.830708e+03 9.785374e+03 9.844105e+03 9.771977e+03
9.819921e+03 9.785600e+03 9.811289e+03 9.794231e+03
9.771769e+03 9.785833e+03 9.786218e+03 9.771383e+03
9.777592e+03 9.786072e+03 9.817096e+03 9.746567e+03
9.811163e+03 9.786307e+03 9.859058e+03 9.738412e+03
9.796179e+03 9.786536e+03 9.846127e+03 9.736588e+03
9.767161e+03 9.786760e+03 9.812266e+03 9.741655e+03
9.745470e+03 9.788728e+03 9.786618e+03 9.747581e+03
9.795627e+03 9.833511e+03 9.815188e+03 9.813950e+03
9.856932e+03 9.881209e+03 9.855007e+03 9.883134e+03
9.826526e+03 9.872278e+03 9.842542e+03 9.856261e+03
9.810314e+03 9.841400e+03 9.810158e+03 9.841556e+03
9.819928e+03 9.815884e+03 9.784001e+03 9.851811e+03
9.808585e+03 9.802766e+03 9.770500e+03 9.840851e+03
9.814027e+03 9.840127e+03 9.807789e+03 9.846365e+03
9.795787e+03 9.884547e+03 9.852146e+03 9.828188e+03
9.747291e+03 9.874264e+03 9.841813e+03 9.779742e+03
9.700632e+03 9.842846e+03 9.810360e+03 9.733118e+03
9.724191e+03 9.817022e+03 9.784517e+03 9.756696e+03
9.758765e+03 9.802143e+03 9.771458e+03 9.789450e+03
9.764823e+03 9.794925e+03 9.810862e+03 9.748885e+03
9.837282e+03 9.791837e+03 9.857471e+03 9.771648e+03
9.891141e+03 9.790664e+03 9.846784e+03 9.835020e+03
9.866120e+03 9.790290e+03 9.813969e+03 9.842441e+03
9.844095e+03 9.790139e+03 9.787010e+03 9.847223e+03
9.828584e+03 9.790266e+03 9.773324e+03 9.845525e+03
9.860999e+03 9.790382e+03 9.812455e+03 9.838926e+03
9.919353e+03 9.790485e+03 9.858984e+03 9.850854e+03
9.885550e+03 9.790577e+03 9.848307e+03 9.827820e+03
9.807595e+03 9.790658e+03 9.815540e+03 9.782714e+03
9.797302e+03 9.790728e+03 9.788637e+03 9.799393e+03
9.796423e+03 9.790788e+03 9.775020e+03 9.812191e+03
9.815012e+03 9.790836e+03 9.814219e+03 9.791629e+03
9.873973e+03 9.790873e+03 9.860818e+03 9.804028e+03
9.872102e+03 9.790899e+03 9.850214e+03 9.812786e+03
9.829222e+03 9.790911e+03 9.817521e+03 9.802612e+03
9.794364e+03 9.790909e+03 9.790691e+03 9.794582e+03
9.789972e+03 9.790889e+03 9.775320e+03 9.805541e+03
9.792261e+03 9.792595e+03 9.769727e+03 9.815129e+03
9.755503e+03 9.837100e+03 9.811293e+03 9.781310e+03
9.815390e+03 9.884514e+03 9.857810e+03 9.842095e+03
9.790656e+03 9.875294e+03 9.848566e+03 9.817384e+03
9.749799e+03 9.844122e+03 9.817638e+03 9.776284e+03
9.756523e+03 9.818303e+03 9.792379e+03 9.782447e+03
9.754053e+03 9.803131e+03 9.777784e+03 9.779400e+03
9.767918e+03 9.795616e+03 9.772696e+03 9.790838e+03
9.801538e+03 9.792228e+03 9.816554e+03 9.777211e+03
9.869512e+03 9.790749e+03 9.865417e+03 9.794844e+03
9.857913e+03 9.790064e+03 9.855880e+03 9.792097e+03
9.802360e+03 9.789592e+03 9.823642e+03 9.768310e+03
9.770501e+03 9.789368e+03 9.797299e+03 9.762570e+03
9.793446e+03 9.789102e+03 9.782100e+03 9.800448e+03
9.806468e+03 9.790562e+03 9.776685e+03 9.820345e+03
9.850110e+03 9.834835e+03 9.818449e+03 9.866496e+03
9.891381e+03 9.882030e+03 9.865182e+03 9.908230e+03
9.875915e+03 9.872599e+03 9.856169e+03 9.892345e+03
9.803704e+03 9.841220e+03 9.825481e+03 9.819443e+03
9.800990e+03 9.815154e+03 9.800440e+03 9.815705e+03
9.804807e+03 9.799686e+03 9.786031e+03 9.818462e+03
9.804486e+03 9.791878e+03 9.779320e+03 9.817044e+03
9.803848e+03 9.788231e+03 9.776806e+03 9.815274e+03
