1.064245e+04 1.057219e+04 1.056712e+04 1.064751e+04
1.055124e+04 1.059450e+04 1.059893e+04 1.054681e+04
1.067714e+04 1.061826e+04 1.063278e+04 1.066262e+04
1.069538e+04 1.061422e+04 1.062730e+04 1.068230e+04
1.056090e+04 1.059939e+04 1.060655e+04 1.055373e+04
1.054426e+04 1.058802e+04 1.059069e+04 1.054159e+04
1.063721e+04 1.060287e+04 1.061189e+04 1.062819e+04
1.069829e+04 1.062290e+04 1.064040e+04 1.068078e+04
1.062337e+04 1.061719e+04 1.063250e+04 1.060805e+04
1.059449e+04 1.060166e+04 1.061071e+04 1.058544e+04
1.056938e+04 1.058929e+04 1.059295e+04 1.056572e+04
1.063966e+04 1.058597e+04 1.057745e+04 1.064818e+04
1.060899e+04 1.058679e+04 1.056707e+04 1.062871e+04
1.045733e+04 1.058472e+04 1.056651e+04 1.047553e+04
1.053839e+04 1.058167e+04 1.056997e+04 1.055009e+04
1.056833e+04 1.057962e+04 1.057309e+04 1.057486e+04
1.058209e+04 1.058233e+04 1.056976e+04 1.059465e+04
1.049936e+04 1.058607e+04 1.056530e+04 1.052013e+04
1.059975e+04 1.058525e+04 1.056727e+04 1.061772e+04
1.050130e+04 1.058267e+04 1.057167e+04 1.051229e+04
1.053553e+04 1.058147e+04 1.057651e+04 1.054049e+04
1.065268e+04 1.060221e+04 1.060968e+04 1.064521e+04
1.066099e+04 1.062507e+04 1.064389e+04 1.064217e+04
1.055007e+04 1.062050e+04 1.063829e+04 1.053228e+04
1.056474e+04 1.060533e+04 1.061721e+04 1.055286e+04
1.061111e+04 1.059285e+04 1.059974e+04 1.060423e+04
1.058224e+04 1.058577e+04 1.058940e+04 1.057861e+04
1.061990e+04 1.058618e+04 1.057907e+04 1.062701e+04
1.051918e+04 1.058888e+04 1.057124e+04 1.053682e+04
1.061585e+04 1.058759e+04 1.057169e+04 1.063174e+04
1.054378e+04 1.058477e+04 1.057539e+04 1.055316e+04
1.060273e+04 1.058253e+04 1.057857e+04 1.060670e+04
1.059645e+04 1.058150e+04 1.058040e+04 1.059755e+04
1.067741e+04 1.058485e+04 1.057601e+04 1.068624e+04
1.065173e+04 1.058880e+04 1.057074e+04 1.066980e+04
1.054631e+04 1.058799e+04 1.057218e+04 1.056212e+04
1.060036e+04 1.058534e+04 1.057621e+04 1.060949e+04
1.057346e+04 1.058316e+04 1.057953e+04 1.057709e+04
1.061411e+04 1.058278e+04 1.058270e+04 1.061419e+04
1.065170e+04 1.060407e+04 1.061462e+04 1.064115e+04
1.059915e+04 1.062714e+04 1.064804e+04 1.057825e+04
1.056948e+04 1.062259e+04 1.064193e+04 1.055014e+04
1.062813e+04 1.060735e+04 1.062049e+04 1.061499e+04
1.056960e+04 1.059474e+04 1.060273e+04 1.056161e+04
1.059718e+04 1.058754e+04 1.059210e+04 1.059262e+04
1.063449e+04 1.058782e+04 1.058152e+04 1.064079e+04
1.053550e+04 1.059037e+04 1.057344e+04 1.055243e+04
1.060867e+04 1.058894e+04 1.057366e+04 1.062395e+04
1.051285e+04 1.058600e+04 1.057712e+04 1.052173e+04
1.047975e+04 1.058362e+04 1.058007e+04 1.048330e+04
1.058748e+04 1.058231e+04 1.058190e+04 1.058790e+04
1.066938e+04 1.058251e+04 1.058398e+04 1.066791e+04
1.067881e+04 1.060407e+04 1.061525e+04 1.066764e+04
1.070582e+04 1.062723e+04 1.064829e+04 1.068475e+04
1.058669e+04 1.062267e+04 1.064195e+04 1.056741e+04
1.065171e+04 1.060736e+04 1.062034e+04 1.063872e+04
1.057491e+04 1.059471e+04 1.060242e+04 1.056720e+04
1.066025e+04 1.058727e+04 1.059187e+04 1.065565e+04
1.056373e+04 1.058374e+04 1.058642e+04 1.056105e+04
1.069993e+04 1.058597e+04 1.057858e+04 1.070732e+04
1.061272e+04 1.058939e+04 1.057170e+04 1.063040e+04
1.053030e+04 1.058828e+04 1.057235e+04 1.054624e+04
1.042726e+04 1.058537e+04 1.057584e+04 1.043679e+04
1.056344e+04 1.058306e+04 1.057887e+04 1.056763e+04
1.051410e+04 1.058168e+04 1.058058e+04 1.051520e+04
1.057362e+04 1.058111e+04 1.058112e+04 1.057360e+04
1.055433e+04 1.058462e+04 1.057589e+04 1.056307e+04
1.057255e+04 1.058855e+04 1.057005e+04 1.059104e+04
1.043451e+04 1.058763e+04 1.057108e+04 1.045106e+04
1.063746e+04 1.058481e+04 1.057477e+04 1.064751e+04
1.066892e+04 1.058264e+04 1.057755e+04 1.067401e+04
1.062346e+04 1.058511e+04 1.057374e+04 1.063483e+04
1.068725e+04 1.058850e+04 1.056863e+04 1.070713e+04
1.060607e+04 1.058732e+04 1.056997e+04 1.062343e+04
1.050141e+04 1.058441e+04 1.057376e+04 1.051205e+04
1.051183e+04 1.058288e+04 1.057801e+04 1.051671e+04
1.066725e+04 1.060330e+04 1.061061e+04 1.065994e+04
1.063349e+04 1.062585e+04 1.064427e+04 1.061507e+04
1.062446e+04 1.062099e+04 1.063814e+04 1.060731e+04
1.061907e+04 1.060553e+04 1.061655e+04 1.060805e+04
1.066838e+04 1.059278e+04 1.059859e+04 1.066257e+04
1.071241e+04 1.058527e+04 1.058798e+04 1.070969e+04
1.053443e+04 1.058241e+04 1.058388e+04 1.053295e+04
1.056978e+04 1.060258e+04 1.061236e+04 1.056000e+04
1.068118e+04 1.062514e+04 1.064420e+04 1.066211e+04
1.062935e+04 1.062031e+04 1.063732e+04 1.061234e+04
1.068270e+04 1.060483e+04 1.061538e+04 1.067215e+04
1.064627e+04 1.059299e+04 1.059857e+04 1.064069e+04
1.063678e+04 1.060738e+04 1.061886e+04 1.062529e+04
1.065767e+04 1.062697e+04 1.064650e+04 1.063813e+04
1.053429e+04 1.062081e+04 1.063775e+04 1.051735e+04
1.048496e+04 1.060485e+04 1.061511e+04 1.047469e+04
1.061775e+04 1.059207e+04 1.059656e+04 1.061326e+04
1.056824e+04 1.058836e+04 1.058030e+04 1.057630e+04
1.058432e+04 1.058881e+04 1.056921e+04 1.060392e+04
1.061166e+04 1.058638e+04 1.056796e+04 1.063008e+04
1.060556e+04 1.058299e+04 1.057076e+04 1.061779e+04
1.054795e+04 1.058047e+04 1.057347e+04 1.055494e+04
1.055281e+04 1.057915e+04 1.057483e+04 1.055713e+04
1.066269e+04 1.058236e+04 1.057019e+04 1.067486e+04
1.042738e+04 1.058620e+04 1.056468e+04 1.044889e+04
1.054806e+04 1.058528e+04 1.056592e+04 1.056742e+04
1.060375e+04 1.058253e+04 1.056976e+04 1.061652e+04
1.059177e+04 1.058027e+04 1.057292e+04 1.059913e+04
1.062614e+04 1.057983e+04 1.057596e+04 1.063002e+04
1.060616e+04 1.060107e+04 1.060776e+04 1.059946e+04
1.062551e+04 1.062411e+04 1.064110e+04 1.060852e+04
1.078747e+04 1.061954e+04 1.063494e+04 1.077207e+04
1.056517e+04 1.060430e+04 1.061347e+04 1.055600e+04
1.050920e+04 1.059171e+04 1.059571e+04 1.050520e+04
1.047149e+04 1.058525e+04 1.058653e+04 1.047021e+04
1.069560e+04 1.060355e+04 1.061239e+04 1.068676e+04
1.069968e+04 1.062533e+04 1.064317e+04 1.068185e+04
1.053697e+04 1.062029e+04 1.063602e+04 1.052124e+04
1.060030e+04 1.060489e+04 1.061422e+04 1.059098e+04
1.061305e+04 1.059225e+04 1.059632e+04 1.060898e+04
1.057979e+04 1.058584e+04 1.058725e+04 1.057839e+04
1.064443e+04 1.060421e+04 1.061321e+04 1.063543e+04
1.068156e+04 1.062605e+04 1.064408e+04 1.066353e+04
1.064321e+04 1.062106e+04 1.063703e+04 1.062724e+04
1.062145e+04 1.060573e+04 1.061534e+04 1.061184e+04
1.045667e+04 1.059314e+04 1.059754e+04 1.045227e+04
1.050029e+04 1.058594e+04 1.058737e+04 1.049887e+04
1.050753e+04 1.058267e+04 1.058231e+04 1.050788e+04
1.055812e+04 1.058516e+04 1.057489e+04 1.056839e+04
1.057330e+04 1.058886e+04 1.056847e+04 1.059370e+04
1.051047e+04 1.058805e+04 1.056958e+04 1.052894e+04
1.056642e+04 1.058545e+04 1.057358e+04 1.057830e+04
1.060416e+04 1.058347e+04 1.057713e+04 1.061051e+04
1.059816e+04 1.058242e+04 1.057937e+04 1.060121e+04
1.055641e+04 1.058291e+04 1.058191e+04 1.055741e+04
1.052589e+04 1.060477e+04 1.061366e+04 1.051700e+04
1.064037e+04 1.062825e+04 1.064723e+04 1.062139e+04
1.061570e+04 1.062404e+04 1.064144e+04 1.059830e+04
1.063694e+04 1.060910e+04 1.062043e+04 1.062560e+04
1.061556e+04 1.059683e+04 1.060314e+04 1.060925e+04
1.061894e+04 1.058981e+04 1.059327e+04 1.061548e+04
1.069148e+04 1.058671e+04 1.058853e+04 1.068966e+04
1.079373e+04 1.058938e+04 1.058142e+04 1.080169e+04
1.058416e+04 1.059327e+04 1.057531e+04 1.060212e+04
1.056389e+04 1.059265e+04 1.057675e+04 1.057979e+04
1.061259e+04 1.059024e+04 1.058106e+04 1.062177e+04
1.051873e+04 1.058846e+04 1.058495e+04 1.052224e+04
1.061001e+04 1.058761e+04 1.058755e+04 1.061006e+04
1.054587e+04 1.058744e+04 1.058924e+04 1.054407e+04
1.057337e+04 1.058766e+04 1.059044e+04 1.057058e+04
