-0.00286881  -0.00257842  -0.00216979  -0.155345  0.0104639  0.047148  
-0.00284299  -0.00257086  -0.00199939  -0.159877  0.028738  0.105246  
-0.00277253  -0.00245151  -0.00223882  -0.168382  0.0265749  0.105831  
-0.00257504  -0.00255968  -0.00219995  -0.168114  -7.81513e-05  0.0869808  
-0.00196558  -0.00267457  -0.00212414  -0.168076  -7.96124e-05  0.0682858  
-0.00284718  -0.00264244  -0.00241731  -0.173314  0.0522482  0.109362  
-0.00202099  -0.00248178  -0.00199939  -0.151942  -9.98609e-05  0.0888779  
-0.00226501  -0.00231859  -0.00199939  -0.164988  -8.63272e-05  0.0548781  
-0.00260668  -0.00256859  -0.00199939  -0.169119  -0.00459039  0.0955081  
-0.00254704  -0.00223725  -0.00199939  -0.165027  0.0072492  0.0873454  
-0.00238831  -0.00231859  -0.00199939  -0.159522  0.0257423  0.0842655  
-0.00267874  -0.00272023  -0.00214618  -0.164732  0.00774584  0.0955215  
-0.00217237  -0.00272023  -0.00199939  -0.164887  0.00463386  0.0557037  
-0.0024239  -0.00272023  -0.0024224  -0.177555  0.0344387  0.0946892  
-0.00230296  -0.00272023  -0.00199939  -0.164887  -0.00154994  0.0994286  
-0.00215109  -0.00272023  -0.00199939  -0.164521  0.00296774  0.0855367  
-0.00250052  -0.00272023  -0.00199939  -0.16479  0.0169014  0.107493  
-0.00176252  -0.00363833  -0.00234392  -0.129973  0.0505541  -0.0630026  
-0.00134423  -0.00289381  -0.00149321  -0.0963543  -0.00155573  -0.0947633  
-0.00167289  -0.00241366  -0.00149321  -0.0979281  0.0192711  0.0475382  
-0.00151714  -0.00227694  -0.00149321  -0.104575  0.00113478  0.0635772  
-0.0018651  -0.00252694  -0.00149321  -0.11043  0.0332033  0.0866065  
-0.00142847  -0.00227694  -0.00131033  -0.115071  0.00115593  0.10519  
-0.0016785  -0.00227694  -0.00149321  -0.110889  0.00110868  0.111799  
-0.00206865  -0.00227694  -0.00149321  -0.113425  0.00106535  0.132654  
-0.00177151  -0.00227694  -0.00149321  -0.107714  -0.00277193  0.122757  
-0.00239837  -0.00212084  -0.00149321  -0.113715  0.00426259  0.141829  
-0.00180785  -0.00222577  -0.00136354  -0.0961293  -0.0158937  0.106435  
-0.00234789  -0.00227694  -0.00149321  -0.113001  0.0256323  0.123567  
-0.00202826  -0.00227694  -0.00126935  -0.112577  0.0131453  0.133851  
-0.00206183  -0.00227694  -0.00121551  -0.109574  -0.00439213  0.148923  
-0.00184663  -0.00215593  -0.00120695  -0.114354  -0.01587  0.178581  
-0.0015647  -0.00227694  -0.00118419  -0.0995062  -0.0158453  0.141829  
-0.00192775  -0.00227694  -0.00113241  -0.10382  -0.0158805  0.167669  
-0.00173738  -0.00227694  -0.00113241  -0.100847  -0.00891663  0.129456  
-0.00221745  -0.00227694  -0.00121724  -0.111001  0.0122657  0.151597  
-0.00280941  -0.0023555  -0.000771193  -0.0422526  0.0235427  0.0742285  
-0.00186085  -0.00198166  -0.000644791  -0.0345058  0.0210588  0.0667124  
-0.00176693  -0.00187967  -0.000650776  -0.0327847  0.0444472  0.0829971  
-0.00189742  -0.00174381  -0.00048333  -0.0218073  0.0148976  0.0962903  
-0.00152094  -0.00161133  -0.000701103  -0.0307367  0.00495693  0.0795338  
-0.00221589  -0.00176073  -0.000905613  -0.060814  0.0703962  0.123215  
-0.00199768  -0.00122675  -0.000836317  -0.0479706  0.00666647  0.0974672  
-0.00218126  -0.0014113  -0.000836317  -0.0420569  0.00863199  0.119775  
-0.00198928  -0.00156756  -0.000403146  -0.03616  0.0216288  0.0968312  
-0.00187947  -0.00147675  -0.000836317  -0.0469073  0.028272  0.135126  
-0.00157526  -0.00122675  -0.000414271  -0.0444856  -0.00270759  0.123048  
-0.00167319  -0.00147675  -0.000654956  -0.0396587  0.0414296  0.123163  
-0.00157526  -0.00159065  -0.000631972  -0.0397926  -0.0090059  0.138649  
-0.00192215  -0.00147675  -0.000631972  -0.0377923  0.01905  0.147616  
-0.00215124  -0.00182211  -0.000631972  -0.0353716  0.00298598  0.116029  
-0.00177614  -0.00180654  -0.000631972  -0.0354364  0.0222692  0.127205  
-0.00190078  -0.00180654  -0.000631972  -0.0354364  0.00931299  0.122919  
-0.00153467  -0.00180654  -0.000631972  -0.0354364  0.0152747  0.121191  
-0.00173678  -0.00129893  -0.000631972  -0.0354837  0.00754285  0.12555  
-0.00187735  -0.00134582  -0.000631972  -0.035504  0.00554588  0.122762  
-0.00190534  -0.00139631  -0.000631972  -0.0342612  0.00701683  0.138228  
-0.00143931  -0.00175063  -0.000519848  -0.0280676  0.0042788  0.12984  
-0.00189068  -0.00179059  -0.00104396  -0.0362637  0.041447  0.0801117  
0.000100146  -7.98381e-05  -0.00018691  0.0565093  0.00421268  -0.222861  
-0.00114562  0.000159165  0.000172529  0.0384818  0.0344107  -0.0250123  
-0.000807796  0.000739831  0.000149588  0.0241353  0.0489212  0.0210189  
-0.00100837  0.000210005  -9.29895e-05  0.0210596  0.0280779  0.0501799  
-0.000906401  0.000489831  0.000336009  0.0186354  0.00418843  0.0412812  
-0.00130622  0.000252789  -6.46062e-05  0.0212005  0.0391451  0.0550332  
-0.000774586  0.000712802  0.000336009  0.0220986  0.0179841  0.0560058  
-0.000611292  0.00092106  0.000416972  0.0300712  0.0283841  0.034592  
-0.00102523  0.000921061  6.59103e-06  0.0216404  0.032943  0.0477674  
-0.000517845  0.000847483  0.000367575  0.0128298  0.0201171  0.0101725  
-0.000946226  -0.000179873  9.40096e-05  0.0296788  0.0215767  0.0324733  
-0.000994216  0.000747826  0.000344997  0.0137608  0.00440121  0.0175627  
3.35752e-05  0.000857975  7.55485e-05  0.0142668  0.007462  0.000310146  
-0.000605721  6.52525e-06  0.000119518  0.0234428  0.0422422  0.0208746  
-3.45826e-05  6.52525e-06  0.000132873  0.00316085  0.000540354  -0.00391871  
-0.001076  0.000523207  0.000132873  0.00315367  0.0395298  0.0125803  
-0.000635537  0.000707934  -0.000344453  -0.0105668  0.0258326  0.0156536  
0.000778543  -0.000975861  0.000132873  0.00321574  0.0203315  -0.0168495  
0.000114477  -0.0010235  -0.000294019  0.00317564  0.0717915  0.0165377  
0.00051298  -0.000870031  0.000132873  0.00320491  0.0201567  0.0129445  
0.000756895  -0.000678453  0.000132873  0.00320629  0.0151063  -0.0219796  
0.000403414  -0.000799286  0.000132873  -0.00421982  0.0374992  0.0415485  
0.000910716  -0.000786006  0.000132873  0.0031795  0.00704072  0.0336483  
0.00124583  -0.000622669  9.07585e-06  0.0031642  0.0178681  0.0248543  
0.000521775  -0.00129207  -0.000123343  0.00318315  0.0204067  0.0487109  
0.00138738  -0.000530528  4.66654e-05  0.00319435  0.000402646  -0.00318626  
0.00117422  -0.00107043  -0.000293308  -0.00472954  0.0216064  0.0104693  
0.00138738  -0.00106812  -0.000572852  -0.0204242  0.000382978  0.0069094  
0.00157905  -0.00129207  -0.000572852  -0.0204209  0.00301177  -0.00185188  
0.00132143  -0.00129207  -0.000511436  -0.0204203  0.0200386  0.0242279  
0.00136556  -0.00114888  -0.000469776  -0.0106418  -0.00323641  0.017798  
0.00176595  -0.00129207  -0.000518603  -0.0204201  0.0262376  0.0109359  
0.00190527  -0.00129207  -0.000572852  -0.0295801  0.0166888  0.00549919  
0.00220392  -0.00129207  -0.000334044  -0.0157485  0.00130906  0.00356383  
0.00161146  -0.0010415  -0.000572852  -0.0204421  0.0112294  0.0371875  
0.00156817  -0.000913432  -0.000222402  -0.0204407  0.00204701  0.0070299  
0.000565414  -0.00129207  -0.0024419  -0.0466857  0.21118  -0.138336  
-0.00052567  -0.000493593  -0.00107454  -0.00552505  0.0454194  -0.157309  
-0.000332618  -0.000648152  -0.000803956  -0.0030014  0.120094  -0.119247  
0.000244291  -0.00038198  -0.000501573  0.00530482  0.102545  -0.157262  
0.000132479  -0.000524827  -0.000829003  0.00391032  0.124765  -0.125892  
0.000379699  -0.000700248  -0.000486082  0.0082216  0.0882219  -0.143625  
1.76745e-05  -0.000660657  -0.000680589  -0.00521985  0.112131  -0.0740581  
0.000331872  -0.000389151  -0.000356137  0.00469114  0.0881686  -0.0963374  
-3.9945e-05  -0.000186807  -0.00099849  -0.00376355  0.0881818  -0.0963291  
9.45249e-05  -0.000282486  -0.00099849  -0.00419802  0.0719342  -0.0963393  
3.13001e-05  -0.000539086  -0.000693151  0.00423201  0.0999302  -0.114175  
0.000111311  -0.000699798  -0.000775051  -0.00750709  0.128539  -0.0932367  
0.000197337  -0.000472103  -0.00064166  -0.00939595  0.087496  -0.123662  
0.000215899  -0.000638422  -0.00099849  -0.0155876  0.104915  -0.150425  
0.000102355  -5.69636e-05  -0.000826907  -0.0128459  0.0785726  -0.115216  
0.000286643  -0.000274773  -0.000888467  -0.0111922  0.0648579  -0.146155  
0.000498131  -0.00036645  -0.0008774  -0.0166451  0.0926648  -0.107645  
0.000559045  -0.000435192  -0.000946907  -0.021382  0.0682007  -0.125291  
0.000228012  -0.000627242  -0.00099849  -0.0332047  0.0948689  -0.122587  
0.00042967  -0.000407456  -0.00099849  -0.0144903  0.0766334  -0.11396  
0.000548014  -0.000238488  -0.000877374  -0.0111252  0.0745353  -0.109332  
0.000251233  -0.000190672  -0.00099849  -0.0144939  0.109175  -0.104401  
0.000194669  -0.000331588  -0.000942095  -0.0144916  0.0851124  -0.0958857  
0.000702588  -0.000241204  -0.00099849  -0.0144513  0.0978605  -0.134863  
0.000185006  -0.000388981  -0.00147184  -0.0146446  0.182442  -0.0969066  
0.000587594  0.000428081  -0.00103287  0.0195547  0.0669577  -0.124807  
0.00013128  0.000428081  -0.000966072  -0.00206651  0.135372  -0.140882  
0.000587958  0.000574217  -0.00121607  -0.00834761  0.0800366  -0.144575  
-2.01471e-05  0.00100748  -0.00133235  -0.0204051  0.130141  -0.140806  
0.000965684  0.000552409  -0.00102835  -0.0162103  0.112817  -0.147558  
0.000530075  0.000460338  -0.000966072  -0.0203158  0.112531  -0.1459  
0.000623437  -0.000173576  -0.000966072  -0.0234408  0.0991752  -0.128116  
0.000797245  0.000612532  -0.000966072  -0.00207035  0.103369  -0.155816  
0.000424225  0.000592674  -0.00121607  -0.00674727  0.128544  -0.13572  
0.000781588  0.000464175  -0.000966072  -0.014491  0.0830244  -0.170694  
0.000398533  0.00051137  -0.000966072  -0.00990627  0.120204  -0.165525  
0.000725355  0.000488053  -0.000966072  -0.0152686  0.0830342  -0.152343  
0.000937441  0.000225939  -0.000966072  -0.0164777  0.102836  -0.187307  
0.000640775  0.000225939  -0.000966072  -0.0020472  0.131619  -0.173176  
0.000959383  0.000225939  -0.00104285  -0.00205395  0.082999  -0.168649  
0.000730939  0.000380572  -0.000966072  -0.0175349  0.118778  -0.172433  
0.00158567  0.000225939  -0.00137867  -0.0383178  0.117702  -0.190364  
0.00120662  0.000225939  -0.00137867  -0.0221808  0.098662  -0.206858  
0.00062189  0.000389021  -0.00137867  -0.0283993  0.11763  -0.172792  
0.00144776  0.000225939  -0.000942441  -0.0239661  0.0986207  -0.225306  
0.0015782  0.000225939  -0.00137867  -0.0530057  0.117906  -0.201321  
0.00182475  0.000225939  -0.00137867  -0.044482  0.0704715  -0.199657  
0.00126266  0.000225939  -0.00137867  -0.044482  0.108408  -0.200107  
0.00130439  -2.40613e-05  -0.00137867  -0.0394285  0.0767968  -0.195847  
0.001685  -2.96991e-05  -0.00137867  -0.0303554  0.0943585  -0.213764  
0.00280511  0.00177955  -0.00242681  0.0476302  0.234454  -0.592887  
